Trending 20				
date	x_1	x_2	x_3	y
10.08.2010	0,44535301711	0,26238367523	0,80636655730	6
17.08.2010	0,42842250600	0,12062203240	0,81383948464	10
24.08.2010	0,41353204844	0,06464619129	0,81278251257	10
31.08.2010	0,29274379447	0,02269063352	0,78266923445	12
07.09.2010	0,23455245241	0,00073967680	0,76738755696	7
14.09.2010	0,18860799020	0,01208829925	0,75441965201	7
21.09.2010	0,13215447088	0,04105833605	0,72291827898	3
28.09.2010	0,08238055308	0,08503720504	0,68291648782	8
05.10.2010	0,04795868462	0,07342389621	0,66285571540	13
12.10.2010	0,05178582617	0,01963405266	0,60301842858	5
19.10.2010	0,12201714582	0,01245314552	0,56851471891	14
26.10.2010	0,25385154739	0,08808324369	0,52890822870	11
02.11.2010	0,40426218685	-0,20051241910	0,48064957931	10
09.11.2010	0,59987085827	-0,40147976903	0,43685532422	4
16.11.2010	0,55945545498	0,51108365818	0,24653656383	23
23.11.2010	0,41912424599	0,53489904633	0,04926428218	24
30.11.2010	-0,09562074108	0,46620076537	-0,05672723380	23
07.12.2010	0,00849998386	0,29640030075	0,17956480895	4
14.12.2010	-0,00828648796	-0,14367337140	0,15507121486	5
21.12.2010	-0,03060295796	-0,06580189598	-0,07062771985	0
28.12.2010	-0,04320308097	-0,01127825169	0,00098169978	-3
04.01.2011	-0,02152457488	0,00376170404	0,01926031770	-4
11.01.2011	-0,01005141801	-0,04833499758	0,05455815228	-3
18.01.2011	0,00023560275	0,09062046836	0,11831987926	-6
25.01.2011	0,00065986121	0,12377213481	0,18835414277	-11
01.02.2011	0,01161589006	0,19096362873	0,30087835813	-11
08.02.2011	0,05996702523	0,28844016535	0,44860325137	-19
15.02.2011	0,09550377088	-0,40000554264	0,48578942232	-14
22.02.2011	0,08582402244	-0,42917909819	0,41791863294	-4
01.03.2011	-0,03247192524	-0,47679913795	0,28233675330	-6
08.03.2011	-0,01414447262	-0,46617114123	-0,18189435178	-2
15.03.2011	-0,01131496594	-0,39762003066	-0,09791823328	11
22.03.2011	-0,00739447829	-0,35887525598	-0,02997032341	0
29.03.2011	-0,00688776859	-0,35444024050	-0,00813823439	-2
05.04.2011	-0,01727358905	-0,32853157612	0,00779905037	-9
12.04.2011	-0,01151994114	-0,23851795731	0,00102106908	-6
19.04.2011	0,00308470631	-0,12246205159	0,04757584195	-11
26.04.2011	-0,02573044650	-0,10743404003	-0,26771165504	-14
03.05.2011	-0,11115722251	-0,16617208131	-0,42945130277	-9
10.05.2011	-0,25040632299	-0,20662801292	-0,55918103255	-13
17.05.2011	-0,41552986592	0,11834012766	-0,66728695371	-12
24.05.2011	-0,54749819940	-0,18464752550	-0,71016644540	-15
31.05.2011	-0,64149252361	-0,27755522231	-0,73363223955	-16
07.06.2011	-0,73631039848	-0,35204983628	-0,79116821920	-10
14.06.2011	-0,79675398654	-0,39742733038	-0,84336226416	-11
21.06.2011	-0,76157972334	-0,32640162638	-0,84567164056	0
28.06.2011	-0,75681198467	-0,31989162936	-0,84583321866	4
05.07.2011	-0,78619673313	-0,31770264212	-0,85932444171	8
12.07.2011	-0,84106862635	-0,32759116509	-0,85781703156	2
19.07.2011	-0,85764135941	-0,34121105577	-0,86078843931	-7
26.07.2011	-0,88062937953	-0,52089880836	-0,88202540156	-7
02.08.2011	-0,88027574250	-0,57524079216	-0,88855046323	-9
09.08.2011	-0,88353760465	-0,53923139019	-0,90802151844	1
16.08.2011	-0,87132265686	-0,54918250386	-0,92447385411	-13
23.08.2011	-0,84402977985	-0,59514830796	-0,89393527179	-22
30.08.2011	-0,84576251065	-0,62768420944	-0,84422599660	-19
06.09.2011	-0,84835697353	-0,64536016987	-0,80505582664	-9
13.09.2011	-0,85369508571	-0,60790616448	-0,79718415527	-6
20.09.2011	-0,82556330626	-0,50072140171	-0,81178925149	-1
27.09.2011	-0,78766486535	-0,30055873075	-0,80772265674	0
04.10.2011	-0,74673245986	-0,10363192296	-0,79167056506	0
11.10.2011	-0,71555979349	0,01035549330	-0,76895777609	0
18.10.2011	-0,57544041542	0,12500347345	-0,75263463512	0
25.10.2011	-0,43252753513	0,25685456367	-0,73256732762	0
01.11.2011	-0,25151663225	0,37891547896	-0,72040442081	0
08.11.2011	-0,14590952962	0,45534311621	-0,65123470173	0
15.11.2011	-0,07530117123	0,59981110826	-0,65171603291	0
22.11.2011	-0,12147571578	0,61602209193	-0,66046114068	2
29.11.2011	-0,20233215477	0,55536740056	-0,67043149295	2
06.12.2011	-0,26641924937	0,36961041201	-0,68078678059	1
13.12.2011	-0,34536607811	0,17004673786	-0,71910498654	2
20.12.2011	-0,42812720198	-0,04372191113	-0,77233050041	1
27.12.2011	-0,45255685450	-0,00246023272	-0,80219935576	1
03.01.2012	-0,47472936659	-0,00602366863	-0,84833558366	1
10.01.2012	-0,36375228617	-0,02348972966	-0,83973168169	3
17.01.2012	0,11219083039	0,04018661993	-0,79390691242	5
24.01.2012	0,00869605515	0,06818297383	-0,66436080925	5
31.01.2012	0,00371632095	0,15540923080	0,37144172228	5
07.02.2012	0,02653797276	0,25395844082	0,17677700755	6
14.02.2012	0,06401328919	-0,32242317991	-0,11845849628	8
21.02.2012	0,13407447295	-0,25801700772	-0,06323858551	9
28.02.2012	0,18660049850	-0,23560951591	-0,01222236504	9
06.03.2012	0,21442652114	-0,23238647010	0,00622833026	10
13.03.2012	0,28147340731	-0,23243032414	-0,03686032197	11
20.03.2012	0,36384471283	-0,20682039790	0,13752934082	13
27.03.2012	0,46949893967	-0,17093983185	-0,27161716783	14
03.04.2012	0,58664595864	-0,08936649507	0,54486846635	14
10.04.2012	0,66245180938	-0,02019746007	0,64708916302	16
17.04.2012	0,69038542092	0,00833204651	0,62296742165	17
24.04.2012	0,62621364154	0,04080570525	0,54127850836	18
01.05.2012	0,45367237984	-0,00005130573	0,41346209076	19
08.05.2012	0,31523329150	0,00968073464	0,15224169187	21
15.05.2012	0,17525564753	0,04643938341	-0,00767969486	22
22.05.2012	0,02158970082	-0,15889991376	0,01268197029	21
29.05.2012	0,03701222548	-0,29061709332	0,02000867039	22
05.06.2012	-0,29452338573	-0,29041311306	0,00029812956	24
12.06.2012	-0,43221054082	-0,28673820105	0,01850261017	25
19.06.2012	-0,41694688804	-0,13097292166	-0,02266059139	26
26.06.2012	-0,43392537753	-0,10342439803	0,00809817753	21
03.07.2012	-0,44543980259	-0,08521511483	0,09561319692	7
10.07.2012	-0,44680039751	-0,04855354858	0,18638215701	0
17.07.2012	0,25930130825	-0,00456659745	0,28653945219	-2
24.07.2012	0,10426602548	0,00439728262	0,39820272227	-1
31.07.2012	0,04200350493	0,00055117707	0,52600140092	-4
07.08.2012	0,01358196163	-0,03291738873	0,59372126495	-5
14.08.2012	0,00489696198	-0,09163848186	0,66347633321	-1
21.08.2012	-0,00197246141	-0,20427659041	0,73061499058	-8
28.08.2012	-0,01994275032	-0,22138324669	0,79119884142	-4
04.09.2012	-0,08996522729	-0,26703739700	0,78291980033	-6
11.09.2012	-0,22763329034	-0,25747969382	0,73770888998	-6
18.09.2012	0,38700827996	0,21413213564	0,66577361251	-8
25.09.2012	0,36597851250	-0,40973205560	0,56483614665	-12
02.10.2012	0,41303515520	-0,37693979434	0,43347387635	-10
09.10.2012	0,43991669489	0,31812007258	0,27901903123	-11
16.10.2012	0,41613390023	0,17043532200	0,18050049113	-10
23.10.2012	0,42056903516	-0,06534238952	0,13486002719	-13
30.10.2012	0,41124763130	0,00406051649	0,03563843948	-13
06.11.2012	0,38158682315	-0,00217695783	0,00226259517	-15
13.11.2012	0,42167870653	0,15673103406	0,12199307102	-14
20.11.2012	0,41928829190	0,28396820173	0,28546276706	-15
27.11.2012	0,29917444590	0,34361258314	-0,42444737586	-18
04.12.2012	-0,10205261482	0,42288257471	-0,53118388635	-17
11.12.2012	-0,02241811565	0,51976985632	-0,58868882472	-13
18.12.2012	-0,00714608890	0,64109638999	-0,60307654225	-14
24.12.2012	-0,00711607136	0,71724937824	-0,60186895096	-8
31.12.2012	0,01228574398	0,76520245929	-0,57704925750	-4
08.01.2013	0,02277845713	0,79631826342	-0,52333684510	-1
15.01.2013	0,04199074780	0,83039814416	-0,47816999843	-7
22.01.2013	0,01557079456	0,86720475675	-0,44332637483	-7
29.01.2013	0,00137908289	0,88041359207	-0,41490382540	-8
05.02.2013	0,00000026620	0,88889938197	-0,42990001694	-4
12.02.2013	0,01227742014	0,89566647593	-0,49005808006	-1
19.02.2013	0,02392800440	0,89139041860	-0,56867160860	-2
26.02.2013	-0,00272944564	0,86569111639	-0,61918390852	0
05.03.2013	-0,00029428013	0,82602269872	-0,69699804380	0
12.03.2013	0,00003890529	0,78458931276	-0,77039993112	0
19.03.2013	-0,00197331191	0,66736268537	-0,79649877680	-3
26.03.2013	-0,00820212699	0,50653467709	-0,82471513474	-5
02.04.2013	-0,03523177171	0,25698612283	-0,83704726013	0
09.04.2013	-0,01778877444	-0,09824654716	-0,83502711633	0
16.04.2013	-0,00122026941	0,03572090586	-0,82802736021	0
23.04.2013	-0,01947158624	0,00017063735	-0,81368154466	0
30.04.2013	-0,14422825646	0,10773324723	-0,77563642251	-3
07.05.2013	-0,31596407437	-0,39522509402	-0,76976158255	0
14.05.2013	-0,51333455585	-0,62573250892	-0,79740857756	0
21.05.2013	-0,64813125198	-0,74812505755	-0,82575023926	0
28.05.2013	-0,72872098972	-0,82151809732	-0,82505372538	0
04.06.2013	-0,70009197812	-0,80173278217	-0,74491672234	0
11.06.2013	-0,72998716227	-0,77846065261	-0,69541748655	0
18.06.2013	-0,74280044279	-0,71409790914	-0,65117817814	0
25.06.2013	-0,80061189675	-0,71426172847	-0,61380473080	0
02.07.2013	-0,77632556812	-0,56904303554	-0,61904312272	0
09.07.2013	-0,75466622726	-0,49744900796	-0,61314033825	0
16.07.2013	-0,73325805365	-0,44538697706	-0,60104290034	-1
23.07.2013	-0,72041650115	-0,39519993212	-0,65908753149	-1
30.07.2013	-0,67703617509	-0,35272288055	-0,70676866140	-2
06.08.2013	-0,61332140055	-0,26487158138	-0,70448771094	-2
13.08.2013	-0,46902481025	-0,14104023808	-0,70628912164	0
20.08.2013	-0,40245091743	0,02311071220	-0,68280410816	0
27.08.2013	-0,42239242812	-0,09093648660	-0,73111082307	-2
03.09.2013	-0,43468293379	-0,18830668140	-0,75557442151	0
10.09.2013	-0,44787745162	-0,21232975631	-0,78051191996	0
17.09.2013	-0,47489313593	-0,22884128713	-0,79528959261	-1
24.09.2013	-0,57025403462	-0,37806361316	-0,72690131448	-3
01.10.2013	-0,63234008777	-0,47938888443	0,32261165467	-5
08.10.2013	-0,70268092842	-0,62487079034	0,04005298117	-8
15.10.2013	-0,71570778304	-0,65034917752	0,00005229182	-6
22.10.2013	-0,68416149798	-0,69606229352	0,03583437379	-10
29.10.2013	-0,64973966480	-0,69525685172	0,12583803375	-5
05.11.2013	-0,61540510936	-0,64367844621	-0,15887095061	-2
12.11.2013	0,37303350645	0,31612128794	-0,16401477185	-1
19.11.2013	-0,21668338954	-0,14994141390	-0,16610997575	-1
26.11.2013	-0,11664408214	0,02648690520	-0,08459502363	-1
03.12.2013	-0,06464604715	0,00000541291	-0,03907149697	-2
10.12.2013	-0,02406594329	0,02459674658	-0,00768302763	3
17.12.2013	-0,00004463957	0,08899093799	-0,00463542301	5
24.12.2013	-0,03088338837	0,16449729632	-0,03869317122	8
31.12.2013	-0,15804404818	0,28905336392	-0,07981376399	8
07.01.2014	0,46663855557	0,44696575778	-0,13935782143	8
14.01.2014	0,77850941407	0,63518455635	-0,20008151906	11
21.01.2014	0,84264630920	0,72015397632	-0,24729513520	13
28.01.2014	0,85957541304	0,79119604275	0,30734593959	13
04.02.2014	0,86992328029	0,82121813000	0,35786919424	11
11.02.2014	0,87383482341	0,82104045805	0,40654734671	11
18.02.2014	0,84248572919	0,66685837894	-0,37817086651	2
25.02.2014	0,55021286637	0,39985973909	-0,28799003957	2
04.03.2014	-0,18598199015	-0,11584488868	-0,17246203879	-9
11.03.2014	-0,02076539378	-0,00280530196	-0,03216896841	-13
18.03.2014	-0,00457312970	-0,04971654155	-0,04298460034	-15
25.03.2014	-0,06338373953	-0,24005777095	0,30991929991	-17
01.04.2014	-0,17411666269	-0,43355925888	0,52571843815	-17
08.04.2014	-0,20117574741	-0,51994264901	0,69013615492	-17
15.04.2014	-0,21447088394	-0,56830873617	0,83922730218	-20
22.04.2014	-0,27849682965	-0,63343716918	0,88223510148	-19
29.04.2014	-0,37994705627	-0,70584164286	0,92714625375	-22
06.05.2014	-0,46629348303	-0,74501824338	0,94452906304	-24
13.05.2014	-0,50332459689	-0,76081482483	0,94094908434	-24
20.05.2014	-0,49033737200	-0,73824797380	0,89878956240	-23
27.05.2014	-0,43658167055	-0,66154944112	0,86602153052	-22
03.06.2014	-0,36154141908	-0,51340361623	0,80695759680	-14
10.06.2014	-0,22644919448	-0,36012213458	0,69488091971	-10
17.06.2014	-0,09834270169	-0,19472673885	0,57261644660	-5
24.06.2014	-0,02899916057	-0,04533279361	0,39594311311	-3
01.07.2014	-0,00003961246	-0,00065343211	0,18854047308	-1
08.07.2014	-0,09471814382	-0,16476393620	0,06056873834	0
15.07.2014	0,53835110247	0,48560698016	0,01246167540	3
22.07.2014	0,69726616966	0,70500479128	0,01911526846	6
29.07.2014	0,69477137787	0,77429287572	-0,23667670624	6
05.08.2014	0,69621769951	0,79705462043	-0,49128975780	0
12.08.2014	0,69274527262	0,80035574340	-0,60746083886	3
19.08.2014	0,69976597497	0,77008796759	-0,61617928749	0
26.08.2014	0,62749190535	0,67000468219	-0,66579160255	1
02.09.2014	0,50425627940	0,47869210206	-0,71520035062	0
09.09.2014	0,41724815345	0,36271483761	-0,75228595471	6
16.09.2014	0,34506777832	0,27680199279	-0,82022290491	6
23.09.2014	0,29976399206	0,22162732543	-0,82077244368	11
30.09.2014	0,27190417730	0,10588154502	-0,82348671066	10
07.10.2014	0,23340600033	0,00737498513	-0,81764631904	6
14.10.2014	0,20156542760	0,04619413593	-0,81499058762	6
21.10.2014	0,16403427856	-0,20781635909	-0,71466756802	6
28.10.2014	0,15752985579	-0,28606909055	-0,47416629833	5
04.11.2014	0,17031945873	-0,32311330156	-0,21777327575	4
11.11.2014	0,16424857053	-0,35235778879	0,06112296102	6
18.11.2014	0,08130770571	-0,35511004284	0,00111654138	-1
25.11.2014	-0,00846626681	-0,55866957244	0,02119237312	-1
02.12.2014	-0,13605866732	-0,62335046232	0,08837165500	-18
09.12.2014	-0,25875519095	-0,64474273064	0,23490867541	-18
16.12.2014	-0,32861477994	-0,68398329976	0,37330714157	-23
23.12.2014	-0,32412774509	-0,68271570938	0,46924245281	-24
30.12.2014	-0,30992638398	-0,67484673954	0,55899663041	-20
06.01.2015	-0,30766315249	-0,66776130569	0,65144709692	-16
13.01.2015	-0,32079644245	-0,65434569428	0,70550060696	-2
20.01.2015	0,37074482021	-0,64843394511	0,67119541164	-1
27.01.2015	-0,48942417802	-0,72522465738	0,57876239359	2
03.02.2015	0,32026097916	0,40011606712	0,46032988291	3
10.02.2015	0,20259231976	-0,32545283756	0,31572249393	1
17.02.2015	-0,11828051815	-0,24520035429	0,17751585014	0
24.02.2015	-0,05894103327	-0,17295183165	0,04022446313	3
03.03.2015	-0,01770766715	-0,16213299754	0,00862678482	3
10.03.2015	0,00334161459	-0,06157799438	-0,14958835736	3
17.03.2015	0,05490494184	-0,00662699093	-0,35737352126	3
24.03.2015	0,20079516657	0,01981867819	-0,52885868588	1
31.03.2015	0,40110536820	0,15033129570	-0,65895743098	3
07.04.2015	0,62868035775	0,30533021420	-0,74914003514	1
14.04.2015	0,82305654223	0,52389613717	-0,76664130485	3
21.04.2015	0,84847031150	0,61112448745	-0,84418035171	3
28.04.2015	0,85287636031	0,73448893420	-0,87449699010	4
05.05.2015	0,86183144418	0,81203280756	-0,87415563052	7
12.05.2015	0,84951592696	0,83084782556	-0,86522996082	3
19.05.2015	0,77775013509	0,81883944187	-0,79864315174	3
26.05.2015	0,70452577515	0,81937421877	-0,77640457842	3
02.06.2015	0,63805804802	0,77437493800	-0,70186644015	3
09.06.2015	0,56765407899	0,64030348774	-0,35523557588	-1
16.06.2015	0,47123893298	0,58147777668	-0,16874609789	3
23.06.2015	0,32923504219	0,53625239772	-0,04171344607	0
30.06.2015	-0,07580573185	-0,31799487739	0,02128225634	-24
07.07.2015	-0,00465523899	-0,08497432811	0,16776836796	-20
14.07.2015	0,01214632201	-0,00439004825	0,35885027115	-22
21.07.2015	0,10371066787	0,01780920467	0,49196831502	-2
28.07.2015	-0,31190076480	-0,12835528757	0,54544421857	0
04.08.2015	-0,39217690774	0,15003914886	0,58704544775	0
11.08.2015	-0,45250353006	0,22020941044	0,61613538661	0
18.08.2015	-0,53875596086	-0,30388080020	0,63209876718	0
25.08.2015	-0,66611830518	-0,38252021715	0,56948769327	0
01.09.2015	-0,71773943338	-0,38089650751	0,48526586894	0
08.09.2015	-0,72085143149	-0,28761297877	-0,30302257800	1
15.09.2015	-0,72020423080	-0,20803731117	0,17716166071	0
22.09.2015	-0,73877410605	-0,17080463882	0,05917421501	0
29.09.2015	-0,73711288087	-0,12166872343	0,00371490033	-1
06.10.2015	-0,71386767188	-0,09122730471	0,00765423911	-6
13.10.2015	-0,71285829070	-0,06273546702	0,05411896392	-4
20.10.2015	-0,65105926458	0,00041108485	-0,24019190339	0
27.10.2015	-0,54962319725	0,03919946739	-0,44138604873	-2
03.11.2015	-0,44311190536	-0,07429376276	-0,47471929569	-3
10.11.2015	-0,35753923107	-0,20286736385	-0,57469518890	0
17.11.2015	0,20485102276	0,52158794396	-0,67821081133	0
24.11.2015	-0,27132343395	0,46061131278	-0,69239422641	0
01.12.2015	-0,30862436374	0,43842795504	-0,69303465020	0
08.12.2015	-0,34188039799	0,36854448626	-0,69290190957	0
15.12.2015	-0,37885371601	-0,14171307777	-0,68682702600	0
22.12.2015	-0,42203998135	-0,07959020181	-0,68505241977	0
29.12.2015	-0,35476697713	0,18108714212	-0,67904672410	0
05.01.2016	-0,10424730941	0,31915396691	-0,66712708111	0
12.01.2016	0,00156620374	0,33613932528	-0,64976312890	-1
19.01.2016	0,00398736854	0,30729019447	-0,62502867130	0
26.01.2016	0,00874019936	0,24174795385	-0,59445979753	-4
02.02.2016	0,03295304971	0,20486575819	-0,59959194621	-3
09.02.2016	0,14214864881	0,30544992858	-0,57800349782	-1
16.02.2016	0,25911437990	0,38523841716	-0,49591182782	-1
23.02.2016	0,32457961509	0,43649039370	-0,43175112259	1
01.03.2016	0,39019533769	0,46173882812	-0,40440501634	0
08.03.2016	0,42695299608	0,45996509906	-0,35387476002	-3
22.03.2016	0,49644554693	0,52393506397	-0,34460871136	-6
29.03.2016	0,56888930948	0,53480680852	-0,19585230735	-11
05.04.2016	0,63615107156	0,47788557697	-0,03692028127	-10
12.04.2016	0,70720556332	0,52297929592	-0,00342699126	-3
19.04.2016	0,77656398571	0,57182422277	0,22184239182	-16
26.04.2016	0,63118334813	0,46185620016	0,51878762453	-15
03.05.2016	0,47109882744	0,37148399810	0,62275356752	-7
10.05.2016	0,33965337290	0,29832845100	0,61890700852	-3
17.05.2016	0,16351321992	0,10788773793	0,56372028175	-19
24.05.2016	0,06614612458	0,05673891339	0,50670475235	-12
31.05.2016	0,00554860417	0,04167527979	0,45918110803	-13
07.06.2016	0,00128769598	0,05268829680	0,46766889162	-24
14.06.2016	0,02216812938	0,04295405693	0,48575453832	-24
21.06.2016	0,08038221908	0,03471738570	0,51445903805	-10
28.06.2016	-0,28304255952	0,00007827257	0,42284719924	-5
05.07.2016	-0,34230595795	0,01800145586	0,37728650475	-1
12.07.2016	-0,16159040354	0,00281137574	0,29804429834	-2
19.07.2016	0,01719030302	0,00897420756	0,25814902013	-1
26.07.2016	0,00638608159	0,08130334047	0,14185459667	-1
02.08.2016	0,07474887875	0,26155234957	0,03415262860	0
09.08.2016	0,10652613494	0,33710402886	0,00055188525	-1
16.08.2016	0,12978834184	0,32744466796	-0,03892878023	-2
23.08.2016	0,17108628817	0,31364376827	-0,07192025216	0
30.08.2016	-0,20311604978	-0,30514155934	-0,14991127569	15
06.09.2016	0,44524889333	0,52765707536	-0,27981447239	10
13.09.2016	0,62609860017	0,57329614408	-0,31082177351	10
20.09.2016	0,60335819987	0,57096774323	-0,34087846876	0
27.09.2016	0,57343499736	0,55833217958	-0,36626125274	1
04.10.2016	0,58308243332	0,57908920990	-0,43923377542	3
11.10.2016	0,56814529866	0,55610161469	-0,53466997359	0
18.10.2016	0,56811630003	0,43951404877	0,48843445386	0
25.10.2016	0,58459911148	0,47048064583	-0,44730144753	1
01.11.2016	0,58040636088	0,39096317564	-0,23124306645	0
08.11.2016	0,57907760395	0,43651544394	-0,01435736150	0
15.11.2016	0,58287890974	0,48701994824	0,05923198565	4
22.11.2016	0,57671053458	0,34058632638	0,15024036259	0
29.11.2016	-0,29316894623	-0,08399338667	-0,05173946049	10
06.12.2016	-0,10945045362	-0,00592799787	-0,00814284289	7
13.12.2016	-0,04544954570	-0,01099245817	-0,00762431972	5
20.12.2016	-0,02157315698	-0,05382744241	-0,00002499965	4
27.12.2016	-0,02369202147	-0,06537562002	-0,00054743058	1
03.01.2017	0,00567368527	-0,13711882580	-0,00033032939	2
10.01.2017	0,00068813339	-0,30986475607	0,00793512986	3
17.01.2017	0,00136221059	-0,45528656561	0,07616930897	4
24.01.2017	0,01461718410	-0,53422065256	0,10465642705	5
31.01.2017	0,01187558506	-0,53773138539	0,12050245472	5
07.02.2017	0,02196792096	-0,62071587108	0,16677276234	4
14.02.2017	0,04864868037	-0,67965357328	0,24302559921	2
21.02.2017	-0,10471248019	-0,71575460281	0,30914697657	2
28.02.2017	-0,21283050326	-0,72932694363	0,27300571177	3
07.03.2017	-0,28912992694	-0,74285120197	0,25896564926	2
14.03.2017	-0,29244997179	-0,70368231496	0,25488948049	4
21.03.2017	-0,15321810330	-0,55841116443	-0,21609189981	5
28.03.2017	0,02907927113	-0,37799584036	-0,18528999293	5
04.04.2017	0,00282185710	-0,19009435460	-0,22471226698	4
11.04.2017	0,08959665579	-0,02078699482	0,27825366914	4
18.04.2017	0,27192920187	0,03181062100	0,32430023687	3
25.04.2017	0,28782619455	0,12487435714	0,13892045703	4
02.05.2017	-0,13642429386	-0,10301171479	-0,01062492874	2
09.05.2017	-0,03055274210	-0,05313815484	0,01344115870	4
16.05.2017	0,00458584019	-0,03595353851	-0,15449913333	4
23.05.2017	-0,00025507744	-0,01611086831	-0,39680670972	4
30.05.2017	0,00202230923	0,01659492011	-0,63847977315	4
06.06.2017	-0,00174989063	-0,01173797951	-0,71263772213	3
13.06.2017	-0,00439530834	-0,00182814814	-0,71226338805	3
20.06.2017	-0,00881077972	-0,00266394227	0,50043120724	-7
27.06.2017	-0,02531968799	-0,01626038173	0,30403506057	2
03.07.2017	-0,05346244630	-0,05381105394	-0,11233059424	-24
11.07.2017	-0,06516204617	-0,13556487574	0,00160181511	-25
18.07.2017	0,09588561342	-0,27486889330	0,10918360123	-19
25.07.2017	0,28426958940	-0,46269437742	0,21965657216	-7
01.08.2017	-0,48552784602	-0,61392458493	0,35237967930	-2
08.08.2017	-0,54939406216	-0,63874206818	0,43793263922	0
15.08.2017	-0,49108169412	-0,59346421195	0,49024440520	0
22.08.2017	-0,30889847725	-0,43638509857	0,49923940226	3
29.08.2017	-0,22373173405	-0,30314135356	0,48221081461	2
05.09.2017	-0,14135281709	-0,18720265566	-0,44177236738	1
12.09.2017	-0,05682492174	-0,06831909290	0,41398024726	1
19.09.2017	-0,00760029374	-0,00029264679	0,29771613713	1
26.09.2017	0,02768796040	-0,01538130798	0,19187510319	0
03.10.2017	-0,07216107564	0,06162242450	0,12673914609	1
10.10.2017	0,02266447650	0,16780668005	0,05117880674	2
17.10.2017	0,00554574243	0,25688554364	0,00270038861	3
24.10.2017	0,14656361680	0,48948004803	0,01064296916	1
31.10.2017	0,37536341654	0,73583870954	0,07802608309	5
07.11.2017	0,49760727347	0,78066496396	0,24654868154	5
14.11.2017	0,60690069232	0,81958151961	0,25315961857	6
21.11.2017	0,62702702962	0,82022771606	-0,25240562587	7
28.11.2017	0,61129888399	0,81567878912	-0,28684759444	11
05.12.2017	0,57966578640	0,74833712270	-0,24299105279	9
12.12.2017	0,59573811078	0,73092640314	-0,22842619026	13
19.12.2017	0,59294395704	0,71385438780	-0,20091968552	12
26.12.2017	0,57783636892	0,68781873138	-0,16426778032	12
02.01.2018	0,55622495859	0,63884135401	-0,10674562229	10
09.01.2018	0,53627036667	0,58080997898	-0,04929174925	12
16.01.2018	0,59020493430	0,60672983000	-0,01305871483	17
23.01.2018	0,59507784576	0,60871353917	0,00642472099	17
30.01.2018	0,54358732058	0,36362565758	0,00133997483	7
06.02.2018	0,46366327627	0,16893244819	0,00002494143	10
13.02.2018	0,29622610839	-0,01072672327	0,00296071875	10
20.02.2018	0,10976385496	-0,03150454309	0,00628237011	13
27.02.2018	-0,00422434856	-0,18023915608	0,02591425316	8
06.03.2018	-0,13052544671	-0,38727490262	0,12203368287	1
13.03.2018	-0,31404936746	-0,59456660439	0,21107114841	2
20.03.2018	-0,45631098309	-0,73714365369	0,31783053510	14
27.03.2018	-0,41697094120	-0,73629927100	0,39033083618	16
03.04.2018	-0,35593595079	-0,68397695191	0,53132751462	13
10.04.2018	-0,35622175056	-0,69331422199	0,69549803096	2
17.04.2018	-0,36066616076	-0,69491675272	0,85034003110	8
24.04.2018	-0,41893914815	-0,67717590594	0,86940047086	5
01.05.2018	-0,56224905894	-0,73953487545	0,88500191462	0
08.05.2018	-0,58023002617	-0,74425893547	0,88437973498	0
15.05.2018	-0,56475901156	-0,71834010188	0,87763604401	1
22.05.2018	-0,48828167147	-0,66646638239	0,87598528788	0
29.05.2018	0,24882426702	-0,53442280268	0,86876555787	0
05.06.2018	-0,09579144911	-0,38271855268	0,87131299265	0
12.06.2018	-0,00684822366	-0,24943467212	0,87115247320	0
19.06.2018	-0,00955718175	-0,12990829393	0,78661792796	2
26.06.2018	-0,04179792689	-0,06710992114	0,71168183289	5
03.07.2018	-0,09349773332	-0,02551388225	0,60775079077	2
10.07.2018	-0,09269061312	-0,02425102386	0,50704911344	2
17.07.2018	0,07666492127	-0,00265620379	0,42873703535	1
24.07.2018	-0,00193020069	0,00612896229	0,32878007517	0
31.07.2018	-0,00013567090	-0,07149930813	0,38577680287	0
07.08.2018	0,00177997510	-0,14646518306	0,47742284722	-5
14.08.2018	-0,00010141658	-0,22378114174	0,49751352422	0
21.08.2018	-0,00316415951	-0,21810166533	0,48557540953	0
28.08.2018	-0,00001491141	-0,15522899286	0,43881409773	0
04.09.2018	-0,02960689119	-0,24063036821	0,30851197134	-2
11.09.2018	-0,08772006562	-0,26259077240	0,15905303304	-1
18.09.2018	0,13697738804	0,21842967536	-0,02735625028	-1
25.09.2018	-0,24795830349	0,24160925614	-0,00050645657	-2
02.10.2018	0,32632251331	0,24243359191	0,01986826361	-2
09.10.2018	-0,39203784272	0,17684253278	-0,09047415839	-1
16.10.2018	-0,33807102934	-0,13371424857	-0,12453841429	-4
23.10.2018	-0,14930799658	-0,01694040045	-0,12608885526	-2
30.10.2018	0,00340518829	0,06238495551	-0,15363694193	-2
06.11.2018	0,18462740251	0,22480505775	-0,16272131422	-5
13.11.2018	0,23736023752	0,29170106509	-0,29454171346	-4
20.11.2018	0,21510816153	0,39078897066	-0,42424386622	-2
27.11.2018	-0,12001498144	0,49039813487	-0,59239220127	-1
04.12.2018	-0,03187680375	0,54135382291	-0,75041643841	-7
11.12.2018	-0,00004453086	0,54639886634	-0,84793795918	-8
18.12.2018	-0,03429109899	-0,40831417786	-0,93333675596	-10
24.12.2018	-0,07031276980	0,31927654842	-0,93869419215	-6
31.12.2018	-0,07861546826	0,31500956179	-0,93104522143	-3
08.01.2019	-0,08979702292	0,18341188847	-0,92901192627	-8
15.01.2019	-0,08918662455	0,08875882071	-0,93841251370	-6
22.01.2019	0,13580151985	0,02092596576	-0,95144430244	-8
29.01.2019	0,18811096724	0,00000431701	-0,94904771167	-6
05.02.2019	-0,23007659688	0,04140940869	-0,92496952773	-10
12.02.2019	0,23507110989	0,11739979640	-0,90983275085	-7
19.02.2019	0,23500974408	0,07328412129	-0,89722828495	-1
26.02.2019	-0,24703545431	0,01029132392	-0,90022104099	3
05.03.2019	-0,19858581503	0,00452369233	-0,89008661143	4
12.03.2019	0,09630734721	0,03224570652	-0,89215509530	5
19.03.2019	-0,02516770730	0,09272888927	-0,89225649595	4
26.03.2019	-0,01849481886	0,21248446449	-0,88807138459	2
02.04.2019	0,31749061874	0,34639987464	-0,86947148908	2
09.04.2019	-0,51158749667	0,36447834025	-0,84027337861	4
16.04.2019	0,66160895545	0,43939573320	-0,83827346410	8
23.04.2019	0,70691207235	0,66116862016	-0,84531719434	13
30.04.2019	0,63346809303	0,74781483194	-0,85414042973	17
07.05.2019	0,54295917614	0,72452988392	-0,88329995497	15
14.05.2019	0,52437024857	0,65906727928	-0,87092979891	10
21.05.2019	0,28603922562	-0,43319980074	-0,82745441590	0
28.05.2019	0,08342761875	0,26417016379	-0,72363390769	0
04.06.2019	-0,00052258203	0,07828723806	-0,61433700770	0
11.06.2019	-0,07866681205	0,00321614300	-0,34073896189	0
18.06.2019	-0,24325641844	-0,07196285285	0,09496712922	-2
25.06.2019	-0,39400063756	-0,22468605982	-0,00484076823	-2
02.07.2019	-0,51925443651	-0,48280012222	0,04493068896	0
09.07.2019	-0,64293841268	-0,70564081914	-0,17677732266	1
16.07.2019	-0,71649745811	-0,79518024311	0,34762095198	1
23.07.2019	-0,82116214922	-0,85187509698	0,35750587832	5
30.07.2019	-0,86826408678	-0,88024607551	0,34539838989	4
06.08.2019	-0,83678776236	-0,88033595411	0,30935423715	7
13.08.2019	-0,81844203451	-0,84208659648	0,25427332375	9
20.08.2019	-0,78884938693	-0,77064966957	0,22369477089	14
27.08.2019	-0,78169738664	-0,75323921179	-0,19155134946	12
03.09.2019	-0,79198857471	-0,73694591402	-0,08154657388	19
10.09.2019	-0,77871096833	-0,70776482381	-0,01254983828	11
17.09.2019	-0,76069297532	-0,67413832040	0,00396067767	8
24.09.2019	-0,73339748099	-0,63616505859	-0,08153809294	12
01.10.2019	-0,66585242656	-0,56099018625	-0,25559678242	8
08.10.2019	-0,54917224818	-0,41989366989	-0,44856768024	6
15.10.2019	-0,33999459397	-0,27678328425	-0,60112855314	4
22.10.2019	-0,12580773229	-0,18058331531	0,60844626527	1
29.10.2019	-0,00724063154	-0,06293863528	-0,61290314096	1
05.11.2019	-0,03290062987	-0,00025877359	-0,49617709253	1
12.11.2019	0,25476997097	0,10357587746	-0,31593233743	1
19.11.2019	0,28381598278	0,32500164826	-0,15140173017	1
26.11.2019	-0,12571656248	0,20632969698	-0,02316333330	0
03.12.2019	-0,05009188869	0,08105468871	0,00938092540	0
10.12.2019	-0,02416036685	0,01223281383	0,09229547849	0
17.12.2019	0,03951299388	-0,00627848351	0,20510311861	0
24.12.2019	0,06388127259	-0,03103688878	0,40122070367	0
31.12.2019	0,17591356657	-0,02813301457	0,56488930834	-2
07.01.2020	0,30163663706	-0,00788850531	0,71253309901	0
14.01.2020	0,43987059424	0,01235458856	0,85695733101	-6
21.01.2020	0,48282231099	0,02144748696	0,95876711999	-9
28.01.2020	0,52313140733	0,00556430864	0,96079513787	-6
04.02.2020	0,57259954645	0,00072828698	0,96662101383	-2
11.02.2020	0,59617192177	0,02048711518	0,96255524534	0
18.02.2020	0,61476901511	-0,12276389612	0,96277361876	-6
25.02.2020	0,58206288122	-0,20446109477	0,90357758066	0
03.03.2020	0,48447794200	-0,19565243499	0,66929056079	0
10.03.2020	0,42604999385	-0,20346604092	0,44355639760	0
17.03.2020	-0,29802423772	-0,23069172307	-0,13578997282	3
24.03.2020	-0,13926656745	-0,20954668858	0,04547277522	-2
31.03.2020	-0,06192626713	-0,07422561445	0,03516842640	-6
07.04.2020	-0,01810624667	-0,00019123317	0,02167529952	0
14.04.2020	0,00008118114	0,21660588559	0,01138051782	0
21.04.2020	0,03194898336	0,29098183639	0,01333083554	1
28.04.2020	-0,14567030325	0,33925523984	0,00250945829	4
05.05.2020	-0,30703275023	0,39165966415	0,00407311474	5
12.05.2020	-0,46355358096	0,41205296002	0,01521605964	6
19.05.2020	-0,59459668701	0,47522726849	-0,04418914973	8
26.05.2020	-0,68556467555	0,58929450242	0,02781309276	8
02.06.2020	-0,69891274569	0,65634877409	0,01588297855	9
09.06.2020	-0,66845415718	0,56896899091	-0,03442399713	10
16.06.2020	-0,53881124913	0,62554593904	-0,01696751854	13
23.06.2020	-0,36019449138	0,67192200224	-0,01354757849	15
30.06.2020	-0,22866361362	0,70824274498	-0,00146771117	16