Trending 20						
date	x_1	x_2	x_3	x_4	x_5	y
02.01.2018	0,55622495859	0,63884135401	-0,10674562229	0,32218440910	-0,12860858881	10
09.01.2018	0,53627036667	0,58080997898	-0,04929174925	0,54277066803	-0,14558669143	12
16.01.2018	0,59020493430	0,60672983000	-0,01305871483	0,71391497249	0,12785635559	17
23.01.2018	0,59507784576	0,60871353917	0,00642472099	0,78463255846	-0,16463162605	17
30.01.2018	0,54358732058	0,36362565758	0,00133997483	0,82476459141	-0,18973006564	7
06.02.2018	0,46366327627	0,16893244819	0,00002494143	0,83582926839	-0,23804841816	10
13.02.2018	0,29622610839	-0,01072672327	0,00296071875	0,81188365410	-0,38222291678	10
20.02.2018	0,10976385496	-0,03150454309	0,00628237011	0,78997879135	-0,44621263852	13
27.02.2018	-0,00422434856	-0,18023915608	0,02591425316	0,73979685420	-0,28921686078	8
06.03.2018	-0,13052544671	-0,38727490262	0,12203368287	0,73783250837	-0,21153719880	1
13.03.2018	-0,31404936746	-0,59456660439	0,21107114841	0,72069325673	-0,13243703800	2
20.03.2018	-0,45631098309	-0,73714365369	0,31783053510	0,71727929037	-0,06774400120	14
27.03.2018	-0,41697094120	-0,73629927100	0,39033083618	0,70771226687	-0,09421392155	16
03.04.2018	-0,35593595079	-0,68397695191	0,53132751462	0,65447562871	-0,21601397290	13
10.04.2018	-0,35622175056	-0,69331422199	0,69549803096	0,64193936317	-0,32120408718	2
17.04.2018	-0,36066616076	-0,69491675272	0,85034003110	0,68367720297	-0,52379693836	8
24.04.2018	-0,41893914815	-0,67717590594	0,86940047086	0,65417529444	-0,56785101571	5
01.05.2018	-0,56224905894	-0,73953487545	0,88500191462	0,66199412331	-0,72908425562	0
08.05.2018	-0,58023002617	-0,74425893547	0,88437973498	0,67274939083	-0,63945960360	0
15.05.2018	-0,56475901156	-0,71834010188	0,87763604401	0,66963330068	-0,53031856574	1
22.05.2018	-0,48828167147	-0,66646638239	0,87598528788	0,58820344425	0,30184006994	0
29.05.2018	0,24882426702	-0,53442280268	0,86876555787	0,49109660288	0,07731592541	0
05.06.2018	-0,09579144911	-0,38271855268	0,87131299265	0,29639600309	0,00072243671	0
12.06.2018	-0,00684822366	-0,24943467212	0,87115247320	0,15475852286	0,04745666135	0
19.06.2018	-0,00955718175	-0,12990829393	0,78661792796	0,15287445766	0,09723345465	2
26.06.2018	-0,04179792689	-0,06710992114	0,71168183289	0,21400424723	0,11596843865	5
03.07.2018	-0,09349773332	-0,02551388225	0,60775079077	0,14085579808	0,12850698796	2
10.07.2018	-0,09269061312	-0,02425102386	0,50704911344	0,04861488083	0,13531866514	2
17.07.2018	0,07666492127	-0,00265620379	0,42873703535	0,00078668177	-0,12893473592	1
24.07.2018	-0,00193020069	0,00612896229	0,32878007517	-0,16169397353	0,21868792856	0
31.07.2018	-0,00013567090	-0,07149930813	0,38577680287	-0,25578951503	0,24152459058	0
07.08.2018	0,00177997510	-0,14646518306	0,47742284722	-0,27954481952	0,32898031498	-5
14.08.2018	-0,00010141658	-0,22378114174	0,49751352422	-0,35081595107	0,43627670836	0
21.08.2018	-0,00316415951	-0,21810166533	0,48557540953	-0,43567231663	0,45429927888	0
28.08.2018	-0,00001491141	-0,15522899286	0,43881409773	-0,52394334705	0,38095099249	0
04.09.2018	-0,02960689119	-0,24063036821	0,30851197134	-0,58708276781	0,30214008718	-2
11.09.2018	-0,08772006562	-0,26259077240	0,15905303304	-0,56394420587	0,17603812689	-1
18.09.2018	0,13697738804	0,21842967536	-0,02735625028	-0,58288781830	0,06949364458	-1
25.09.2018	-0,24795830349	0,24160925614	-0,00050645657	-0,60553743387	0,00119807818	-2
02.10.2018	0,32632251331	0,24243359191	0,01986826361	-0,61444861282	0,01826702010	-2
09.10.2018	-0,39203784272	0,17684253278	-0,09047415839	-0,62008221942	0,03440497536	-1
16.10.2018	-0,33807102934	-0,13371424857	-0,12453841429	-0,64061506515	-0,02556679820	-4
23.10.2018	-0,14930799658	-0,01694040045	-0,12608885526	-0,64302840958	-0,00497135333	-2
30.10.2018	0,00340518829	0,06238495551	-0,15363694193	-0,66839645162	0,13454557890	-2
06.11.2018	0,18462740251	0,22480505775	-0,16272131422	-0,67320073678	0,37617259287	-5
13.11.2018	0,23736023752	0,29170106509	-0,29454171346	-0,62364984435	0,44151385089	-4
20.11.2018	0,21510816153	0,39078897066	-0,42424386622	-0,55758774570	0,49204974496	-2
27.11.2018	-0,12001498144	0,49039813487	-0,59239220127	-0,42220577082	0,46178855905	-1
04.12.2018	-0,03187680375	0,54135382291	-0,75041643841	-0,35181423132	0,35933194681	-7
11.12.2018	-0,00004453086	0,54639886634	-0,84793795918	-0,28647687776	0,24444993514	-8
18.12.2018	-0,03429109899	-0,40831417786	-0,93333675596	-0,31794597810	0,20115701205	-10
24.12.2018	-0,07031276980	0,31927654842	-0,93869419215	-0,36861028988	-0,12983156261	-6
31.12.2018	-0,07861546826	0,31500956179	-0,93104522143	-0,43049711768	0,14464466968	-3
08.01.2019	-0,08979702292	0,18341188847	-0,92901192627	-0,48504194471	-0,15641600738	-8
15.01.2019	-0,08918662455	0,08875882071	-0,93841251370	-0,58130780990	0,20532865494	-6
22.01.2019	0,13580151985	0,02092596576	-0,95144430244	-0,59968370806	0,21274252457	-8
29.01.2019	0,18811096724	0,00000431701	-0,94904771167	-0,62184147982	0,21588245050	-6
05.02.2019	-0,23007659688	0,04140940869	-0,92496952773	-0,61746998595	0,27025674078	-10
12.02.2019	0,23507110989	0,11739979640	-0,90983275085	-0,59314653842	0,30807419124	-7
19.02.2019	0,23500974408	0,07328412129	-0,89722828495	-0,47089115739	0,27108599517	-1
26.02.2019	-0,24703545431	0,01029132392	-0,90022104099	0,37894809392	-0,06952713867	3
05.03.2019	-0,19858581503	0,00452369233	-0,89008661143	-0,44977935563	-0,00442279586	4
12.03.2019	0,09630734721	0,03224570652	-0,89215509530	-0,52881942678	0,00256854551	5
19.03.2019	-0,02516770730	0,09272888927	-0,89225649595	-0,59145341873	-0,05082788011	4
26.03.2019	-0,01849481886	0,21248446449	-0,88807138459	-0,59582932098	-0,07967312139	2
02.04.2019	0,31749061874	0,34639987464	-0,86947148908	-0,60867539386	-0,07585700965	2
09.04.2019	-0,51158749667	0,36447834025	-0,84027337861	-0,61497393501	-0,07846271751	4
16.04.2019	0,66160895545	0,43939573320	-0,83827346410	-0,57737974112	-0,02443922180	8
23.04.2019	0,70691207235	0,66116862016	-0,84531719434	-0,50464620872	0,02262751745	13
30.04.2019	0,63346809303	0,74781483194	-0,85414042973	-0,42005079136	0,04368198178	17
07.05.2019	0,54295917614	0,72452988392	-0,88329995497	-0,35464357393	0,05557271875	15
14.05.2019	0,52437024857	0,65906727928	-0,87092979891	-0,26305186368	0,01751620336	10
21.05.2019	0,28603922562	-0,43319980074	-0,82745441590	-0,20119975316	0,00164226524	0
28.05.2019	0,08342761875	0,26417016379	-0,72363390769	-0,15529970192	0,00237833422	0
04.06.2019	-0,00052258203	0,07828723806	-0,61433700770	-0,11247698813	0,00566770040	0
11.06.2019	-0,07866681205	0,00321614300	-0,34073896189	-0,13448303447	0,00425479575	0
18.06.2019	-0,24325641844	-0,07196285285	0,09496712922	-0,18464556730	0,04893360419	-2
25.06.2019	-0,39400063756	-0,22468605982	-0,00484076823	-0,25709342830	-0,06657959283	-2
02.07.2019	-0,51925443651	-0,48280012222	0,04493068896	-0,24218417277	-0,18821028365	0
09.07.2019	-0,64293841268	-0,70564081914	-0,17677732266	-0,16420302093	-0,35661870732	1
16.07.2019	-0,71649745811	-0,79518024311	0,34762095198	-0,03491329422	0,42595530929	1
23.07.2019	-0,82116214922	-0,85187509698	0,35750587832	-0,03608578679	0,25950250580	5
30.07.2019	-0,86826408678	-0,88024607551	0,34539838989	0,10161067259	0,17038926860	4
06.08.2019	-0,83678776236	-0,88033595411	0,30935423715	0,02653381131	0,11693328611	7
13.08.2019	-0,81844203451	-0,84208659648	0,25427332375	-0,05034510773	0,06235713436	9
20.08.2019	-0,78884938693	-0,77064966957	0,22369477089	-0,04955508235	-0,00002337400	14
27.08.2019	-0,78169738664	-0,75323921179	-0,19155134946	-0,08739643055	0,02960527116	12
03.09.2019	-0,79198857471	-0,73694591402	-0,08154657388	0,04954078075	0,06169159164	19
10.09.2019	-0,77871096833	-0,70776482381	-0,01254983828	-0,09644580287	0,05960467045	11
17.09.2019	-0,76069297532	-0,67413832040	0,00396067767	-0,13014877089	0,07817323478	8
24.09.2019	-0,73339748099	-0,63616505859	-0,08153809294	-0,13286042513	0,10125020145	12
01.10.2019	-0,66585242656	-0,56099018625	-0,25559678242	-0,18003278157	-0,20361402964	8
08.10.2019	-0,54917224818	-0,41989366989	-0,44856768024	-0,12086492309	-0,18965225487	6
15.10.2019	-0,33999459397	-0,27678328425	-0,60112855314	0,05323615814	-0,07758741796	4
22.10.2019	-0,12580773229	-0,18058331531	0,60844626527	-0,11767409301	0,00003589953	1
29.10.2019	-0,00724063154	-0,06293863528	-0,61290314096	-0,16919512747	0,02839093852	1
05.11.2019	-0,03290062987	-0,00025877359	-0,49617709253	0,02774789222	-0,08608190036	1
12.11.2019	0,25476997097	0,10357587746	-0,31593233743	0,00004317888	0,40761594731	1
19.11.2019	0,28381598278	0,32500164826	-0,15140173017	0,01590005173	0,58225912891	1
26.11.2019	-0,12571656248	0,20632969698	-0,02316333330	0,13809529397	0,63411960079	0
03.12.2019	-0,05009188869	0,08105468871	0,00938092540	0,31037431470	0,68312327000	0
10.12.2019	-0,02416036685	0,01223281383	0,09229547849	0,49872248617	0,66271054887	0
17.12.2019	0,03951299388	-0,00627848351	0,20510311861	0,62940512059	0,68351635679	0
24.12.2019	0,06388127259	-0,03103688878	0,40122070367	0,70190315697	0,70022536859	0
31.12.2019	0,17591356657	-0,02813301457	0,56488930834	0,75491854760	0,73023180995	-2