Trending 20						
x_1	x_2	x_3	x_4	x_5	x_6	y
0,4453530171	0,2623836752	0,8063665573	-0,1907327090	-0,6265273335	0,7342585350	6
0,4284225060	0,1206220324	0,8138394846	-0,3824141305	-0,5990386614	0,7539322108	10
0,4135320484	0,0646461913	0,8127825126	-0,5529158122	-0,5689930044	0,7783104780	10
0,2927437945	0,0226906335	0,7826692344	-0,6836744922	-0,5168138776	0,7977790539	12
0,2345524524	0,0007396768	0,7673875570	-0,7808848917	-0,4582715355	0,7873888604	7
0,1886079902	0,0120882993	0,7544196520	-0,8620520320	-0,4091044418	0,7796238965	7
0,1321544709	0,0410583361	0,7229182790	-0,9268560541	-0,3611829298	0,7566154835	3
0,0823805531	0,0850372050	0,6829164878	-0,9415840667	-0,3445343283	0,7353246758	8
0,0479586846	0,0734238962	0,6628557154	-0,9215820939	-0,3471510984	0,7300164781	13
0,0517858262	0,0196340527	0,6030184286	-0,8899685008	-0,3111212690	0,7195624713	5
0,1220171458	0,0124531455	0,5685147189	-0,8469488886	-0,2649048481	0,7036444203	14
0,2538515474	0,0880832437	0,5289082287	-0,7922792681	-0,2065698987	0,6949927250	11
0,4042621868	-0,2005124191	0,4806495793	-0,7483773815	-0,1275239302	0,5435964670	10
0,5998708583	-0,4014797690	0,4368553242	-0,6768145224	-0,0862763842	0,4183012574	4
0,5594554550	0,5110836582	0,2465365638	-0,6202461961	-0,0606682749	0,3596345099	23
0,4191242460	0,5348990463	0,0492642822	-0,5054239131	-0,0122232274	0,2844715800	24
-0,0956207411	0,4662007654	-0,0567272338	-0,3553141119	0,0314895582	-0,0402608608	23
0,0084999839	0,2964003007	0,1795648090	-0,2104668558	-0,2855570604	-0,0007366821	4
-0,0082864880	-0,1436733714	0,1550712149	-0,0784923599	-0,5079394478	-0,0567555064	5
-0,0306029580	-0,0658018960	-0,0706277199	-0,0003396624	-0,7047007277	-0,1592903746	0
-0,0432030810	-0,0112782517	0,0009816998	-0,1465563460	-0,8686621433	-0,1746752602	-3
-0,0215245749	0,0037617040	0,0192603177	0,5833908579	-0,8338274620	-0,2951049311	-4
-0,0100514180	-0,0483349976	0,0545581523	0,6289045649	-0,7424505603	-0,3360595753	-3
0,0002356028	0,0906204684	0,1183198793	0,4929900172	-0,6293431015	-0,3738874527	-6
0,0006598612	0,1237721348	0,1883541428	-0,3264363953	-0,5389858463	-0,4552472154	-11
0,0116158901	0,1909636287	0,3008783581	0,3233100374	-0,4297328380	0,4320778535	-11
0,0599670252	0,2884401653	0,4486032514	0,2955962454	-0,3023065511	-0,3811545172	-19
0,0955037709	-0,4000055426	0,4857894223	0,1605704561	-0,1498649986	0,1497449002	-14
0,0858240224	-0,4291790982	0,4179186329	-0,0277354743	-0,0412095589	-0,0769067509	-4
-0,0324719252	-0,4767991380	0,2823367533	0,0245294762	0,0024675352	-0,0577567164	-6
-0,0141444726	-0,4661711412	-0,1818943518	0,0297067433	0,1017749123	-0,0262942773	-2
-0,0113149659	-0,3976200307	-0,0979182333	-0,0006863601	0,2894487745	-0,0018761706	11
-0,0073944783	-0,3588752560	-0,0299703234	0,0001093743	0,4746703988	-0,0000513051	0
-0,0068877686	-0,3544402405	-0,0081382344	0,0032575653	0,6173925853	-0,0223451269	-2
-0,0172735891	-0,3285315761	0,0077990504	0,0000060876	0,6191718298	-0,0335000973	-9
-0,0115199411	-0,2385179573	0,0010210691	0,0175143428	0,6192205686	-0,0016044856	-6
0,0030847063	-0,1224620516	0,0475758419	-0,0982125183	0,7889812110	0,0392798165	-11
-0,0257304465	-0,1074340400	-0,2677116550	-0,1526504834	0,7152767702	0,0230743979	-14
-0,1111572225	-0,1661720813	-0,4294513028	-0,1740918142	0,6407490457	0,0047867829	-9
-0,2504063230	-0,2066280129	-0,5591810325	-0,2492566432	0,5448769650	0,0016115846	-13
-0,4155298659	0,1183401277	-0,6672869537	-0,3203734404	0,4611448659	-0,0211823142	-12
-0,5474981994	-0,1846475255	-0,7101664454	-0,3703484983	0,3671870940	0,0532712004	-15
-0,6414925236	-0,2775552223	-0,7336322395	-0,3946684953	0,2084850945	0,1121557338	-16
-0,7363103985	-0,3520498363	-0,7911682192	-0,4595771574	0,0742019199	0,1841410504	-10
-0,7967539865	-0,3974273304	-0,8433622642	-0,5176055476	0,0053229351	-0,3052440562	-11
-0,7615797233	-0,3264016264	-0,8456716406	-0,4866756022	-0,0325527175	-0,3899724355	0
-0,7568119847	-0,3198916294	-0,8458332187	-0,4492605776	-0,2139185267	-0,4425301019	4
-0,7861967331	-0,3177026421	-0,8593244417	0,2320631488	-0,4297737821	-0,4932061936	8
-0,8410686263	-0,3275911651	-0,8578170316	0,1225278236	-0,6231148145	-0,4858494392	2
-0,8576413594	-0,3412110558	-0,8607884393	-0,1109276712	-0,7938784871	-0,4607999069	-7
-0,8806293795	-0,5208988084	-0,8820254016	-0,0508237038	-0,8697978781	-0,4985105116	-7
-0,8802757425	-0,5752407922	-0,8885504632	0,0048823121	-0,9107612573	-0,4496613276	-9
-0,8835376047	-0,5392313902	-0,9080215184	-0,0066729641	-0,9081068335	-0,3986706748	1
-0,8713226569	-0,5491825039	-0,9244738541	-0,0000267325	-0,8949703405	0,3335900972	-13
-0,8440297798	-0,5951483080	-0,8939352718	-0,0443881219	-0,8951012024	-0,4151824726	-22
-0,8457625107	-0,6276842094	-0,8442259966	-0,0811043285	-0,8429370388	-0,4695249361	-19
-0,8483569735	-0,6453601699	-0,8050558266	-0,1158754876	-0,7463520625	-0,4057897640	-9
-0,8536950857	-0,6079061645	-0,7971841553	-0,0935143587	-0,6132081106	-0,3129944311	-6
-0,8255633063	-0,5007214017	-0,8117892515	-0,0672000388	-0,4676072364	-0,2398004031	-1
-0,7876648653	-0,3005587307	-0,8077226567	0,0644430942	-0,3153074601	-0,2158356161	0
-0,7467324599	-0,1036319230	-0,7916705651	-0,0095702377	-0,1824605843	-0,1665924959	0
-0,7155597935	0,0103554933	-0,7689577761	0,0066476448	-0,0649534158	-0,1495946560	0
-0,5754404154	0,1250034735	-0,7526346351	0,0775085042	-0,0030140613	-0,1036094166	0
-0,4325275351	0,2568545637	-0,7325673276	-0,3240592895	-0,0113777884	-0,0408271302	0
-0,2515166322	0,3789154790	-0,7204044208	-0,5783875729	-0,0840509907	-0,0018554972	0
-0,1459095296	0,4553431162	-0,6512347017	-0,7778451892	-0,1917324138	-0,0012798390	0
-0,0753011712	0,5998111083	-0,6517160329	-0,8442399564	0,3454775302	0,0063154573	0
-0,1214757158	0,6160220919	-0,6604611407	-0,9026949842	0,3825729117	0,0153315612	2
-0,2023321548	0,5553674006	-0,6704314929	-0,8935331743	0,4719587788	-0,2490227730	2
-0,2664192494	0,3696104120	-0,6807867806	-0,8937134906	0,5490031593	-0,4772664323	1
-0,3453660781	0,1700467379	-0,7191049865	-0,9076448845	0,6040892055	-0,6283874836	2
-0,4281272020	-0,0437219111	-0,7723305004	-0,8973368302	0,5951515054	-0,7026182754	1
-0,4525568545	-0,0024602327	-0,8021993558	-0,8854622021	0,5686114809	-0,5908815217	1
-0,4747293666	-0,0060236686	-0,8483355837	-0,8879681925	0,5685811934	-0,4924576866	1
-0,3637522862	-0,0234897297	-0,8397316817	-0,8353589978	0,5227095885	0,1475092331	3
0,1121908304	0,0401866199	-0,7939069124	-0,4590514604	0,4666761916	0,0000561998	5
0,0086960551	0,0681829738	-0,6643608093	0,1711903182	0,4880329253	0,0294183368	5
0,0037163209	0,1554092308	0,3714417223	0,0449774811	0,4073046828	0,1534268734	5
0,0265379728	0,2539584408	0,1767770075	0,0008271161	0,4027277017	0,2619247476	6
0,0640132892	-0,3224231799	-0,1184584963	0,0197053397	0,4251094094	0,3664556104	8
0,1340744729	-0,2580170077	-0,0632385855	0,0745812119	-0,3509922743	0,4433999584	9
0,1866004985	-0,2356095159	-0,0122223650	0,1233661501	-0,1807345839	0,4828338269	9
0,2144265211	-0,2323864701	0,0062283303	-0,1735693691	-0,0755297990	0,4486409378	10
0,2814734073	-0,2324303241	-0,0368603220	-0,2242912192	0,0275448251	0,4507528984	11
0,3638447128	-0,2068203979	0,1375293408	-0,2502377191	-0,0004957391	0,4914673057	13
0,4694989397	-0,1709398318	-0,2716171678	0,3146475769	-0,0478632997	0,5627019600	14
0,5866459586	-0,0893664951	0,5448684663	0,4208484234	-0,1780181755	0,6103201974	14
0,6624518094	-0,0201974601	0,6470891630	0,5008021845	0,2942801675	0,6542079039	16
0,6903854209	0,0083320465	0,6229674216	0,5797013958	0,1022202009	0,5909462374	17
0,6262136415	0,0408057053	0,5412785084	0,5663449432	0,0865852799	0,5281871722	18
0,4536723798	-0,0000513057	0,4134620908	0,4754231090	-0,1386109692	0,3897708904	19
0,3152332915	0,0096807346	0,1522416919	0,3488138050	-0,1647594675	0,3148473170	21
0,1752556475	0,0464393834	-0,0076796949	0,1984854477	-0,1370441297	0,2567389151	22
0,0215897008	-0,1588999138	0,0126819703	-0,0084589487	-0,0438500901	0,1120046412	21
0,0370122255	-0,2906170933	0,0200086704	-0,0755934888	0,0004155349	-0,0067307668	22
-0,2945233857	-0,2904131131	0,0002981296	-0,2956206374	0,0104040678	0,0164855367	24
-0,4322105408	-0,2867382010	0,0185026102	-0,3826148109	-0,0170752761	0,0285279203	25
-0,4169468880	-0,1309729217	-0,0226605914	-0,4450764896	-0,0399078937	-0,0165763952	26
-0,4339253775	-0,1034243980	0,0080981775	-0,5160885454	-0,0160271672	-0,0443436357	21
-0,4454398026	-0,0852151148	0,0956131969	-0,5858383568	-0,0130747113	-0,0157533793	7
-0,4468003975	-0,0485535486	0,1863821570	-0,6374815400	-0,0048114350	-0,0042159964	0
0,2593013082	-0,0045665974	0,2865394522	-0,7137362671	0,0212950518	0,0069194196	-2
0,1042660255	0,0043972826	0,3982027223	-0,7736934212	0,0237093415	0,0060904275	-1
0,0420035049	0,0005511771	0,5260014009	-0,8193440109	0,0147055128	0,0642562076	-4
0,0135819616	-0,0329173887	0,5937212650	-0,8636985117	0,0385582172	0,1299195085	-5
0,0048969620	-0,0916384819	0,6634763332	-0,9052888834	0,0245951455	0,1695747907	-1
-0,0019724614	-0,2042765904	0,7306149906	-0,9170278136	0,0023087618	-0,1423836467	-8
-0,0199427503	-0,2213832467	0,7911988414	-0,8891473872	0,0039685447	-0,1328834256	-4
-0,0899652273	-0,2670373970	0,7829198003	-0,8490585852	-0,0166239735	-0,0653829098	-6
-0,2276332903	-0,2574796938	0,7377088900	-0,8076980803	0,1855635004	-0,1093018542	-6
0,3870082800	0,2141321356	0,6657736125	-0,7817183030	0,3338341221	-0,1419979278	-8
0,3659785125	-0,4097320556	0,5648361467	-0,7671867290	0,3984245597	-0,2519511033	-12
0,4130351552	-0,3769397943	0,4334738763	-0,7601544905	0,4736845678	-0,2404839618	-10
0,4399166949	0,3181200726	0,2790190312	-0,7792418470	0,5420401404	-0,1772835645	-11
0,4161339002	0,1704353220	0,1805004911	-0,7742693740	0,6616158182	0,1817208398	-10
0,4205690352	-0,0653423895	0,1348600272	-0,7852968353	0,7591767884	-0,2697442964	-13
0,4112476313	0,0040605165	0,0356384395	-0,7732872369	0,8191015951	-0,1517938127	-13
0,3815868232	-0,0021769578	0,0022625952	-0,7328330921	0,8538088417	-0,1028901124	-15
0,4216787065	0,1567310341	0,1219930710	-0,7130617656	0,8641160537	-0,0496748304	-14
0,4192882919	0,2839682017	0,2854627671	-0,6431602108	0,8516856217	0,0000219013	-15
0,2991744459	0,3436125831	-0,4244473759	-0,3786935526	0,7923457400	-0,0898532931	-18
-0,1020526148	0,4228825747	-0,5311838864	0,1097787789	0,7307778720	-0,2041690771	-17
-0,0224181156	0,5197698563	-0,5886888247	0,0086501112	0,6756566870	-0,2788824783	-13
-0,0071460889	0,6410963900	-0,6030765423	0,0000559279	0,5640514872	-0,4168063348	-14
-0,0071160714	0,7172493782	-0,6018689510	0,0386557957	0,4307855516	-0,4984995813	-8
0,0122857440	0,7652024593	-0,5770492575	0,1607753925	0,3047390594	-0,5467254192	-4
0,0227784571	0,7963182634	-0,5233368451	0,2475841253	0,1803131062	-0,5839421445	-1
0,0419907478	0,8303981442	-0,4781699984	-0,0215844375	0,0506915161	-0,5696781474	-7
0,0155707946	0,8672047567	-0,4433263748	-0,0022306577	0,0074072034	-0,6259623125	-7
0,0013790829	0,8804135921	-0,4149038254	-0,0332469459	0,1787078441	-0,6582881137	-8
0,0000002662	0,8888993820	-0,4299000169	-0,0766965099	-0,7056520747	-0,6815449184	-4
0,0122774201	0,8956664759	-0,4900580801	-0,1416980481	-0,8265262716	-0,6936199410	-1
0,0239280044	0,8913904186	-0,5686716086	-0,2205554231	-0,8451645925	-0,6925544047	-2
-0,0027294456	0,8656911164	-0,6191839085	-0,2883711481	-0,8595539968	-0,7000016828	0
-0,0002942801	0,8260226987	-0,6969980438	-0,3510484217	-0,8860986871	-0,6935673189	0
0,0000389053	0,7845893128	-0,7703999311	-0,4210972357	-0,8965852645	-0,6457589453	0
-0,0019733119	0,6673626854	-0,7964987768	-0,4933764493	-0,9005608895	-0,5758744977	-3
-0,0082021270	0,5065346771	-0,8247151347	-0,5565913183	-0,8767795025	-0,4884333754	-5
-0,0352317717	0,2569861228	-0,8370472601	-0,5765143653	-0,8361824725	-0,3780828884	0
-0,0177887744	-0,0982465472	-0,8350271163	-0,5583394396	-0,8436142315	-0,2206282976	0
-0,0012202694	0,0357209059	-0,8280273602	-0,5403694641	-0,8481953845	-0,0027707579	0
-0,0194715862	0,0001706374	-0,8136815447	-0,4834078157	-0,7875472146	0,0496602091	0
-0,1442282565	0,1077332472	-0,7756364225	-0,4035640146	-0,7654634333	-0,0038832409	-3
-0,3159640744	-0,3952250940	-0,7697615825	-0,2892086206	-0,7597523039	-0,0106107983	0
-0,5133345559	-0,6257325089	-0,7974085776	-0,1805492828	-0,7206014488	-0,0346374743	0
-0,6481312520	-0,7481250575	-0,8257502393	-0,0601782092	-0,6830865416	-0,0839006525	0
-0,7287209897	-0,8215180973	-0,8250537254	-0,0064385915	-0,6244051552	-0,1251153934	0
-0,7000919781	-0,8017327822	-0,7449167223	0,7886884808	-0,6304278647	-0,2100387941	0
-0,7299871623	-0,7784606526	-0,6954174865	0,8725753462	-0,6745943878	-0,2500501750	0
-0,7428004428	-0,7140979091	-0,6511781781	0,8595414141	-0,6882280072	-0,2979038685	0
-0,8006118968	-0,7142617285	-0,6138047308	0,7613409183	-0,5971822098	-0,3577376381	0
-0,7763255681	-0,5690430355	-0,6190431227	0,6373758385	-0,5964455119	-0,4631635906	0
-0,7546662273	-0,4974490080	-0,6131403383	0,4731614016	-0,6511713600	-0,4706368562	0
-0,7332580537	-0,4453869771	-0,6010429003	0,3435154652	-0,7177387545	-0,4767041205	-1
-0,7204165012	-0,3951999321	-0,6590875315	0,3053439821	-0,7564040585	-0,5562803660	-1
-0,6770361751	-0,3527228806	-0,7067686614	0,1817473329	-0,7728288586	-0,6458546316	-2
-0,6133214006	-0,2648715814	-0,7044877109	0,0606815689	-0,7889210787	-0,6816050566	-2
-0,4690248103	-0,1410402381	-0,7062891216	0,0000472394	-0,7679544703	-0,5962109863	0
-0,4024509174	0,0231107122	-0,6828041082	-0,0951653949	-0,7371680413	-0,5853055511	0
-0,4223924281	-0,0909364866	-0,7311108231	-0,2277199998	-0,6893739574	-0,5824342621	-2
-0,4346829338	-0,1883066814	-0,7555744215	-0,3022070466	-0,6690467691	-0,5392758211	0
-0,4478774516	-0,2123297563	-0,7805119200	-0,3295568435	-0,6588980511	-0,6155243059	0
-0,4748931359	-0,2288412871	-0,7952895926	0,3216895172	-0,6059753847	-0,6616481795	-1
-0,5702540346	-0,3780636132	-0,7269013145	0,2937643994	-0,5827598800	-0,6601895535	-3
-0,6323400878	-0,4793888844	0,3226116547	-0,2542303760	-0,5621568096	-0,6448451349	-5
-0,7026809284	-0,6248707903	0,0400529812	-0,2324234902	-0,5160737849	-0,6268094818	-8
-0,7157077830	-0,6503491775	0,0000522918	-0,2015012691	-0,4510832868	-0,6010450397	-6
-0,6841614980	-0,6960622935	0,0358343738	-0,1363177255	-0,3715954469	-0,4772072625	-10
-0,6497396648	-0,6952568517	0,1258380337	-0,1196009647	-0,3189492622	-0,3358106708	-5
-0,6154051094	-0,6436784462	-0,1588709506	-0,1006813741	-0,2758268171	0,1078886675	-2
0,3730335065	0,3161212879	-0,1640147719	-0,0431651733	-0,2419648201	0,0086835771	-1
-0,2166833895	-0,1499414139	-0,1661099757	-0,0842714350	-0,3178558831	0,1168850324	-1
-0,1166440821	0,0264869052	-0,0845950236	-0,1879268537	-0,4685305333	0,2101484229	-1
-0,0646460471	0,0000054129	-0,0390714970	-0,2925640491	-0,6344725065	0,2852976192	-2
-0,0240659433	0,0245967466	-0,0076830276	-0,3822420308	-0,7930875459	0,3641424511	3
-0,0000446396	0,0889909380	-0,0046354230	-0,4425251208	-0,8398275907	0,4611571200	5
-0,0308833884	0,1644972963	-0,0386931712	-0,5248903184	-0,5762202974	0,5611665973	8
-0,1580440482	0,2890533639	-0,0798137640	-0,5960050417	-0,3282637810	0,6450975976	8
0,4666385556	0,4469657578	-0,1393578214	-0,6744686773	0,0996381300	0,8187099194	8
0,7785094141	0,6351845563	-0,2000815191	-0,7761381294	0,0023084778	0,8769702029	11
0,8426463092	0,7201539763	-0,2472951352	-0,8494810862	0,0348979706	0,8931111541	13
0,8595754130	0,7911960427	0,3073459396	-0,9028537766	0,1403192822	0,8910402717	13
0,8699232803	0,8212181300	0,3578691942	-0,8984311459	0,2459010763	0,8955417435	11
0,8738348234	0,8210404581	0,4065473467	-0,8670527163	0,3374720489	0,9015329896	11
0,8424857292	0,6668583789	-0,3781708665	-0,7908867255	0,3806158395	0,9039444219	2
0,5502128664	0,3998597391	-0,2879900396	-0,7318522296	0,3959247297	0,8661446961	2
-0,1859819901	-0,1158448887	-0,1724620388	-0,6676361761	0,4531175981	0,7744248209	-9
-0,0207653938	-0,0028053020	-0,0321689684	-0,6134853239	0,4565759016	0,6562711642	-13
-0,0045731297	-0,0497165415	-0,0429846003	-0,5081413896	-0,3671746923	0,3065366385	-15
-0,0633837395	-0,2400577709	0,3099192999	-0,3795312643	0,3171616360	0,0836226579	-17
-0,1741166627	-0,4335592589	0,5257184382	-0,2818034193	0,2774409878	0,0183284931	-17
-0,2011757474	-0,5199426490	0,6901361549	-0,1725816856	0,2304670950	0,0093383615	-17
-0,2144708839	-0,5683087362	0,8392273022	-0,0347540620	0,1976170513	0,0078796585	-20
-0,2784968297	-0,6334371692	0,8822351015	-0,0085404245	0,1184388284	0,0001705998	-19
-0,3799470563	-0,7058416429	0,9271462537	0,2095262509	0,0935454432	-0,0806286859	-22
-0,4662934830	-0,7450182434	0,9445290630	0,5516507333	0,0372622733	-0,2536832310	-24
-0,5033245969	-0,7608148248	0,9409490843	0,6256358570	0,0289174611	-0,3517951022	-24
-0,4903373720	-0,7382479738	0,8987895624	0,6192592641	0,0132865335	-0,3515802182	-23
-0,4365816705	-0,6615494411	0,8660215305	0,5908539066	-0,0029267923	0,3065811684	-22
-0,3615414191	-0,5134036162	0,8069575968	0,4113393081	-0,0000154063	0,1342839171	-14
-0,2264491945	-0,3601221346	0,6948809197	0,3536916707	-0,0107187167	0,0360205461	-10
-0,0983427017	-0,1947267389	0,5726164466	0,3230640268	-0,0450468463	0,0000235648	-5
-0,0289991606	-0,0453327936	0,3959431131	0,2984040944	-0,0049421475	-0,0030581172	-3
-0,0000396125	-0,0006534321	0,1885404731	0,3826513728	-0,0575516978	-0,0025260083	-1
-0,0947181438	-0,1647639362	0,0605687383	0,4695481116	-0,1435137037	-0,0003524221	0
0,5383511025	0,4856069802	0,0124616754	0,5932478004	-0,2410703417	-0,0065841877	3
0,6972661697	0,7050047913	0,0191152685	0,6626293914	-0,3439138818	-0,0132009112	6
0,6947713779	0,7742928757	-0,2366767062	0,7180663362	-0,4086454232	0,0316160864	6
0,6962176995	0,7970546204	-0,4912897578	0,7453742592	-0,4821332005	0,0502385524	0
0,6927452726	0,8003557434	-0,6074608389	0,7897574697	-0,6193924534	0,0037695077	3
0,6997659750	0,7700879676	-0,6161792875	0,8317922974	-0,7109343987	-0,0065108199	0
0,6274919053	0,6700046822	-0,6657916026	0,8207874401	-0,7668491037	-0,0092977546	1
0,5042562794	0,4786921021	-0,7152003506	0,7818694043	-0,8065175671	-0,0026029032	0
0,4172481534	0,3627148376	-0,7522859547	0,7503260166	-0,8191054099	-0,0027859993	6
0,3450677783	0,2768019928	-0,8202229049	0,7144936381	-0,8113397466	0,0093504348	6
0,2997639921	0,2216273254	-0,8207724437	0,6966520284	-0,7643855071	0,0734558829	11
0,2719041773	0,1058815450	-0,8234867107	0,6670499950	-0,7180964959	0,1084496185	10
0,2334060003	0,0073749851	-0,8176463190	0,6331964340	-0,6794485103	0,1726826125	6
0,2015654276	0,0461941359	-0,8149905876	0,5697026279	-0,6356821994	0,0754542218	6
0,1640342786	-0,2078163591	-0,7146675680	0,5101578694	-0,5838339464	-0,0091774953	6
0,1575298558	-0,2860690905	-0,4741662983	0,4464019075	-0,4964270287	0,0589161000	5
0,1703194587	-0,3231133016	-0,2177732758	0,3966448463	-0,4241958428	0,2693860597	4
0,1642485705	-0,3523577888	0,0611229610	0,4561783494	-0,6026317871	0,4737871675	6
0,0813077057	-0,3551100428	0,0011165414	0,4572151468	-0,3443341501	0,4095122129	-1
-0,0084662668	-0,5586695724	0,0211923731	0,2208993045	-0,1065874566	0,3471711451	-1
-0,1360586673	-0,6233504623	0,0883716550	-0,0500996773	-0,0037193409	0,2814756356	-18
-0,2587551910	-0,6447427306	0,2349086754	-0,0191449924	0,0211227718	0,2010280965	-18
-0,3286147799	-0,6839832998	0,3733071416	-0,0092046875	0,0521936137	-0,1112212762	-23
-0,3241277451	-0,6827157094	0,4692424528	-0,0022359637	0,1300547920	0,1220759389	-24
-0,3099263840	-0,6748467395	0,5589966304	-0,0370488613	0,3662183973	0,1526740332	-20
-0,3076631525	-0,6677613057	0,6514470969	-0,1076097658	0,4693719677	0,1416281569	-16
-0,3207964425	-0,6543456943	0,7055006070	-0,2065331940	0,5016733012	0,1637122651	-2
0,3707448202	-0,6484339451	0,6711954116	-0,3366524079	0,5601948880	0,1887278295	-1
-0,4894241780	-0,7252246574	0,5787623936	-0,4917832024	0,6215873230	0,2058602124	2
0,3202609792	0,4001160671	0,4603298829	-0,6176762063	0,6257053130	0,2588891987	3
0,2025923198	-0,3254528376	0,3157224939	-0,7051431318	0,5856529473	0,2712749734	1
-0,1182805182	-0,2452003543	0,1775158501	-0,7294061096	0,5886022529	0,2402252643	0
-0,0589410333	-0,1729518316	0,0402244631	-0,7591619152	0,6334141810	0,1561544508	3
-0,0177076671	-0,1621329975	0,0086267848	-0,7596254569	0,6329772983	0,1144530373	3
0,0033416146	-0,0615779944	-0,1495883574	-0,7512060031	0,6255519880	-0,1075479638	3
0,0549049418	-0,0066269909	-0,3573735213	-0,7491311780	0,6114487249	-0,1103736468	3
0,2007951666	0,0198186782	-0,5288586859	-0,7179005171	0,6174274900	-0,1790871931	1
0,4011053682	0,1503312957	-0,6589574310	-0,6638275578	0,6101145794	0,3181537439	3
0,6286803578	0,3053302142	-0,7491400351	-0,5984776675	0,5930869556	0,3251092993	1
0,8230565422	0,5238961372	-0,7666413049	-0,4746235432	0,5296352899	0,2265013965	3
0,8484703115	0,6111244874	-0,8441803517	-0,3228484150	0,4108396888	0,0912161015	3
0,8528763603	0,7344889342	-0,8744969901	-0,2131988213	0,3799726088	-0,0056826164	4
0,8618314442	0,8120328076	-0,8741556305	-0,0785326225	0,1981452884	0,0214086923	7
0,8495159270	0,8308478256	-0,8652299608	-0,0011620111	-0,0617411764	-0,1672271910	3
0,7777501351	0,8188394419	-0,7986431517	-0,0465880400	-0,0435906287	-0,3070375713	3
0,7045257751	0,8193742188	-0,7764045784	-0,0826727355	0,0777048445	0,3599735628	3
0,6380580480	0,7743749380	-0,7018664401	0,2591065056	0,0791150356	0,3660756296	3
0,5676540790	0,6403034877	-0,3552355759	0,1847397906	0,1698964682	-0,4056722166	-1
0,4712389330	0,5814777767	-0,1687460979	0,1036967520	0,1846996909	-0,4070505424	3
0,3292350422	0,5362523977	-0,0417134461	0,0510347880	0,1623462551	-0,3824806692	0
-0,0758057319	-0,3179948774	0,0212822563	0,0315071426	0,1885724652	-0,3846266467	-24
-0,0046552390	-0,0849743281	0,1677683680	0,0640032585	0,1987832899	-0,3865289757	-20
0,0121463220	-0,0043900482	0,3588502712	0,1197126848	0,2183718622	-0,3959508426	-22
0,1037106679	0,0178092047	0,4919683150	-0,0128049600	0,2812219068	-0,4785951562	-2
-0,3119007648	-0,1283552876	0,5454442186	-0,0236781699	0,2611808096	-0,4884521189	0
-0,3921769077	0,1500391489	0,5870454478	-0,0803162343	-0,2125406029	-0,4977616038	0
-0,4525035301	0,2202094104	0,6161353866	-0,2057087322	-0,2006821102	-0,4251627423	0
-0,5387559609	-0,3038808002	0,6320987672	-0,2742974553	-0,1412423827	-0,4090180134	0
-0,6661183052	-0,3825202171	0,5694876933	0,2557746826	-0,1144810964	-0,4246208362	0
-0,7177394334	-0,3808965075	0,4852658689	-0,2451914118	0,0939329214	-0,4301020101	0
-0,7208514315	-0,2876129788	-0,3030225780	-0,1286644277	0,0405197193	-0,4481148723	1
-0,7202042308	-0,2080373112	0,1771616607	0,0503234724	-0,0001585489	-0,4414560418	0
-0,7387741060	-0,1708046388	0,0591742150	-0,0398935973	-0,0171680144	-0,4565710305	0
-0,7371128809	-0,1216687234	0,0037149003	-0,0263183743	-0,1135420627	-0,4488437231	-1
-0,7138676719	-0,0912273047	0,0076542391	0,0039768736	-0,3045816038	-0,4032071075	-6
-0,7128582907	-0,0627354670	0,0541189639	-0,0198482709	-0,5051200349	-0,3693840149	-4
-0,6510592646	0,0004110849	-0,2401919034	-0,0333801834	-0,5956709280	-0,3014450825	0
-0,5496231972	0,0391994674	-0,4413860487	-0,0312873826	-0,6221205526	-0,2047181844	-2
-0,4431119054	-0,0742937628	-0,4747192957	-0,0422472611	-0,4546898522	-0,0946235135	-3
-0,3575392311	-0,2028673638	-0,5746951889	-0,0872830227	0,3010253872	-0,0040276781	0
0,2048510228	0,5215879440	-0,6782108113	-0,1076113870	-0,2226496134	0,0949173582	0
-0,2713234340	0,4606113128	-0,6923942264	-0,0959170886	-0,0829420638	0,0394670225	0
-0,3086243637	0,4384279550	-0,6930346502	-0,0613379079	-0,0009167539	-0,0002704322	0
-0,3418803980	0,3685444863	-0,6929019096	-0,0773059622	-0,0366813205	-0,0098081375	0
-0,3788537160	-0,1417130778	-0,6868270260	-0,2069180007	0,2551940844	-0,0245936973	0
-0,4220399813	-0,0795902018	-0,6850524198	-0,4434927181	0,3707207063	-0,0333088449	0
-0,3547669771	0,1810871421	-0,6790467241	-0,6834694274	0,4727269262	-0,0340174331	0
-0,1042473094	0,3191539669	-0,6671270811	-0,8429186746	0,4587693369	-0,0021029573	0
0,0015662037	0,3361393253	-0,6497631289	-0,9114550406	0,4140140746	0,0149211555	-1
0,0039873685	0,3072901945	-0,6250286713	-0,9172591496	0,3723621944	0,0354416405	0
0,0087401994	0,2417479539	-0,5944597975	-0,9265307091	0,3655321190	0,0168665926	-4
0,0329530497	0,2048657582	-0,5995919462	-0,8982159686	0,3197719650	0,0089586835	-3
0,1421486488	0,3054499286	-0,5780034978	-0,8458255983	0,1831690978	0,0524005473	-1
0,2591143799	0,3852384172	-0,4959118278	-0,8402943954	0,0571344338	0,1588473090	-1
0,3245796151	0,4364903937	-0,4317511226	-0,8493491418	0,0015177747	0,2660051018	1
0,3901953377	0,4617388281	-0,4044050163	-0,8513760061	0,0429376761	0,3449802414	0
0,4269529961	0,4599650991	-0,3538747600	-0,8631113759	0,1577185736	0,3865209797	-3
0,4964455469	0,5239350640	-0,3446087114	-0,8364605644	-0,5026501748	0,4588903234	-6
0,5688893095	0,5348068085	-0,1958523074	-0,7897721364	-0,5321051461	0,5275122738	-11
0,6361510716	0,4778855770	-0,0369202813	-0,5720109884	-0,6217738679	0,6255496352	-10
0,7072055633	0,5229792959	-0,0034269913	-0,3644815854	-0,6680293447	0,7020437559	-3
0,7765639857	0,5718242228	0,2218423918	-0,1734599338	-0,7130552208	0,8329505779	-16
0,6311833481	0,4618562002	0,5187876245	-0,0959250935	-0,6913964228	0,8389144330	-15
0,4710988274	0,3714839981	0,6227535675	-0,0243434997	-0,6799009065	0,7791073579	-7
0,3396533729	0,2983284510	0,6189070085	-0,0001464165	0,2088804119	0,6506906362	-3
0,1635132199	0,1078877379	0,5637202817	-0,0145113965	0,0205433370	0,6099647909	-19
0,0661461246	0,0567389134	0,5067047524	-0,0484042455	0,0058232680	0,5647401450	-12
0,0055486042	0,0416752798	0,4591811080	-0,0666562548	0,0472958820	0,5087069575	-13
0,0012876960	0,0526882968	0,4676688916	0,1325612582	0,1427606714	0,4219854018	-24
0,0221681294	0,0429540569	0,4857545383	0,0704177726	0,2463026203	0,3584558772	-24
0,0803822191	0,0347173857	0,5144590380	-0,0032124823	0,3033637734	0,3949653379	-10
-0,2830425595	0,0000782726	0,4228471992	-0,0182374945	0,4165374165	0,2800570944	-5
-0,3423059579	0,0180014559	0,3772865047	-0,0008535402	0,5075392869	0,1536078769	-1
-0,1615904035	0,0028113757	0,2980442983	0,0093669283	0,5651100497	-0,0134660555	-2
0,0171903030	0,0089742076	0,2581490201	0,0035772901	0,5674522358	-0,0052481368	-1
0,0063860816	0,0813033405	0,1418545967	0,0013271594	0,4018994740	-0,0360169964	-1
0,0747488788	0,2615523496	0,0341526286	-0,1349478622	-0,2463537468	0,0972379349	0
0,1065261349	0,3371040289	0,0005518852	-0,3381804153	-0,1701536238	-0,2737684645	-1
0,1297883418	0,3274446680	-0,0389287802	-0,4939608373	0,1491840787	-0,3497389304	-2
0,1710862882	0,3136437683	-0,0719202522	-0,6194101606	0,1396305255	-0,4051652635	0
-0,2031160498	-0,3051415593	-0,1499112757	-0,6607064643	0,0792057398	-0,4190506989	15
0,4452488933	0,5276570754	-0,2798144724	-0,6889365620	0,0082949989	-0,5187129966	10
0,6260986002	0,5732961441	-0,3108217735	-0,6957304263	0,0152013074	-0,4989091314	10
0,6033581999	0,5709677432	-0,3408784688	-0,7337539779	0,1171768478	-0,4962064263	0
0,5734349974	0,5583321796	-0,3662612527	-0,7673733876	-0,4230049607	-0,5067031099	1
0,5830824333	0,5790892099	-0,4392337754	-0,7803914610	-0,4729174023	-0,5772230270	3
0,5681452987	0,5561016147	-0,5346699736	-0,8002394549	-0,4503614221	-0,5325399803	0
0,5681163000	0,4395140488	0,4884344539	-0,8173318909	-0,3965157995	-0,4462502418	0
0,5845991115	0,4704806458	-0,4473014475	-0,8195385191	-0,4266095547	-0,3565486346	1
0,5804063609	0,3909631756	-0,2312430665	-0,7786150734	-0,3963232827	-0,2323992991	0
0,5790776039	0,4365154439	-0,0143573615	-0,6798968898	-0,3635413547	-0,1702469806	0
0,5828789097	0,4870199482	0,0592319857	-0,6007359925	-0,4142728822	-0,0258310037	4
0,5767105346	0,3405863264	0,1502403626	-0,4881712799	-0,2909922033	-0,0103133076	0
-0,2931689462	-0,0839933867	-0,0517394605	-0,3023792537	-0,2064958288	-0,0495801442	10
-0,1094504536	-0,0059279979	-0,0081428429	-0,1719828936	-0,0613546778	-0,0410679513	7
-0,0454495457	-0,0109924582	-0,0076243197	-0,0669085275	0,0029487350	0,0984362730	5
-0,0215731570	-0,0538274424	-0,0000249997	-0,0023439069	-0,0623418715	-0,1846263920	4
-0,0236920215	-0,0653756200	-0,0005474306	-0,0224763242	-0,2405084113	0,5489878523	1
0,0056736853	-0,1371188258	-0,0003303294	-0,0484309658	-0,2402238104	0,5876411491	2
0,0006881334	-0,3098647561	0,0079351299	0,1818301523	0,0074519128	0,5126102573	3
0,0013622106	-0,4552865656	0,0761693090	0,3616685602	0,0190339102	0,3946110203	4
0,0146171841	-0,5342206526	0,1046564271	0,4686470715	0,0808135412	0,2931626810	5
0,0118755851	-0,5377313854	0,1205024547	0,5658244281	-0,0499863165	0,3011520480	5
0,0219679210	-0,6207158711	0,1667727623	0,6719714244	-0,0267766698	0,3503759369	4
0,0486486804	-0,6796535733	0,2430255992	0,7446771130	0,0461032780	0,3446257277	2
-0,1047124802	-0,7157546028	0,3091469766	0,7935354642	0,1135130747	0,3440345609	2
-0,2128305033	-0,7293269436	0,2730057118	0,7892541657	-0,0757761121	-0,1389694165	3
-0,2891299269	-0,7428512020	0,2589656493	0,7476746831	0,1304232402	-0,0480212950	2
-0,2924499718	-0,7036823150	0,2548894805	0,6804693494	0,1627603501	0,0400887968	4
-0,1532181033	-0,5584111644	-0,2160918998	0,6198083972	-0,1163154638	0,0768476657	5
0,0290792711	-0,3779958404	-0,1852899929	0,5689813705	-0,0341053830	0,1724925657	5
0,0028218571	-0,1900943546	-0,2247122670	0,5590838414	0,0008847953	0,1182953986	4
0,0895966558	-0,0207869948	0,2782536691	0,5598777844	-0,0477602994	-0,0419096887	4
0,2719292019	0,0318106210	0,3243002369	0,5408193900	-0,0786869386	0,0084803304	3
0,2878261946	0,1248743571	0,1389204570	0,5153672505	-0,1037832050	-0,0249574855	4
-0,1364242939	-0,1030117148	-0,0106249287	0,4199132394	0,0560885730	-0,1172961116	2
-0,0305527421	-0,0531381548	0,0134411587	0,3133386972	0,0889953510	-0,1601511306	4
0,0045858402	-0,0359535385	-0,1544991333	0,2122022816	0,1608500200	-0,1664498942	4
-0,0002550774	-0,0161108683	-0,3968067097	0,0615388792	-0,3382193199	0,1337128658	4
0,0020223092	0,0165949201	-0,6384797732	0,0031760139	-0,3603408546	0,1305654978	4
-0,0017498906	-0,0117379795	-0,7126377221	-0,1341949510	-0,2844743154	0,1249523903	3
-0,0043953083	-0,0018281481	-0,7122633881	-0,2053987009	-0,2048706478	0,1455195271	3
-0,0088107797	-0,0026639423	0,5004312072	-0,2946409678	0,1870361619	-0,1472194443	-7
-0,0253196880	-0,0162603817	0,3040350606	-0,2619651372	-0,2390205895	-0,0832672619	2
-0,0534624463	-0,0538110539	-0,1123305942	-0,2199038540	-0,1790823196	0,0106231395	-24
-0,0651620462	-0,1355648757	0,0016018151	-0,0506886065	-0,0154100185	0,0139475936	-25
0,0958856134	-0,2748688933	0,1091836012	-0,0200969480	0,0550134133	0,1348977434	-19
0,2842695894	-0,4626943774	0,2196565722	-0,0850679673	0,1817618860	0,1998163533	-7
-0,4855278460	-0,6139245849	0,3523796793	-0,1791935755	0,3631094069	0,2840424709	-2
-0,5493940622	-0,6387420682	0,4379326392	0,2106864462	0,4673955778	0,3365671901	0
-0,4910816941	-0,5934642120	0,4902444052	-0,2338166036	0,3431856408	-0,3238889992	0
-0,3088984772	-0,4363850986	0,4992394023	-0,3098305452	0,2152486313	-0,3172216574	3
-0,2237317341	-0,3031413536	0,4822108146	-0,3721801825	0,0879403921	0,2522301446	2
-0,1413528171	-0,1872026557	-0,4417723674	-0,4088776462	0,0241691154	0,1858343250	1
-0,0568249217	-0,0683190929	0,4139802473	-0,4280300915	-0,0006191453	0,1065316397	1
-0,0076002937	-0,0002926468	0,2977161371	-0,4569057602	-0,0063491109	0,0405993443	1
0,0276879604	-0,0153813080	0,1918751032	-0,5102919243	0,0027337883	0,0070117717	0
-0,0721610756	0,0616224245	0,1267391461	-0,5494626766	0,0057345860	0,0031671270	1
0,0226644765	0,1678066800	0,0511788067	-0,5784903032	0,0011214926	0,0153466579	2
0,0055457424	0,2568855436	0,0027003886	-0,6561688191	0,0037277014	0,0121057971	3
0,1465636168	0,4894800480	0,0106429692	-0,6890632638	0,0258923315	0,0013711565	1
0,3753634165	0,7358387095	0,0780260831	-0,7490260267	0,0754453930	0,0181606422	5
0,4976072735	0,7806649640	0,2465486815	-0,6260389363	-0,1855608231	0,0146040115	5
0,6069006923	0,8195815196	0,2531596186	-0,4578781831	-0,3172448858	0,0089395556	6
0,6270270296	0,8202277161	-0,2524056259	0,1956308257	-0,4772415366	0,0002756330	7
0,6112988840	0,8156787891	-0,2868475944	-0,0768489227	-0,4860315710	-0,0166039323	11
0,5796657864	0,7483371227	-0,2429910528	0,0007004287	-0,4758424266	-0,0200468748	9
0,5957381108	0,7309264031	-0,2284261903	0,0190145308	-0,3774539851	-0,0063328932	13
0,5929439570	0,7138543878	-0,2009196855	0,0818779695	-0,2889953502	-0,0023847765	12
0,5778363689	0,6878187314	-0,1642677803	0,1488945045	-0,1995910692	-0,0819406489	12
0,5562249586	0,6388413540	-0,1067456223	0,3221844091	-0,1286085888	0,1758757708	10
0,5362703667	0,5808099790	-0,0492917492	0,5427706680	-0,1455866914	0,1721540081	12
0,5902049343	0,6067298300	-0,0130587148	0,7139149725	0,1278563556	0,1949499797	17
0,5950778458	0,6087135392	0,0064247210	0,7846325585	-0,1646316260	0,2155020469	17
0,5435873206	0,3636256576	0,0013399748	0,8247645914	-0,1897300656	0,2728972881	7
0,4636632763	0,1689324482	0,0000249414	0,8358292684	-0,2380484182	0,2958117839	10
0,2962261084	-0,0107267233	0,0029607188	0,8118836541	-0,3822229168	0,2770477206	10
0,1097638550	-0,0315045431	0,0062823701	0,7899787913	-0,4462126385	0,1434426225	13
-0,0042243486	-0,1802391561	0,0259142532	0,7397968542	-0,2892168608	-0,0345398780	8
-0,1305254467	-0,3872749026	0,1220336829	0,7378325084	-0,2115371988	-0,0000129863	1
-0,3140493675	-0,5945666044	0,2110711484	0,7206932567	-0,1324370380	-0,0169718158	2
-0,4563109831	-0,7371436537	0,3178305351	0,7172792904	-0,0677440012	-0,0207625001	14
-0,4169709412	-0,7362992710	0,3903308362	0,7077122669	-0,0942139215	0,0044972612	16
-0,3559359508	-0,6839769519	0,5313275146	0,6544756287	-0,2160139729	0,0147885007	13
-0,3562217506	-0,6933142220	0,6954980310	0,6419393632	-0,3212040872	-0,0027312404	2
-0,3606661608	-0,6949167527	0,8503400311	0,6836772030	-0,5237969384	0,0023675726	8
-0,4189391482	-0,6771759059	0,8694004709	0,6541752944	-0,5678510157	0,0299535169	5
-0,5622490589	-0,7395348755	0,8850019146	0,6619941233	-0,7290842556	0,0831756087	0
-0,5802300262	-0,7442589355	0,8843797350	0,6727493908	-0,6394596036	-0,1604853349	0
-0,5647590116	-0,7183401019	0,8776360440	0,6696333007	-0,5303185657	0,2092501715	1
-0,4882816715	-0,6664663824	0,8759852879	0,5882034443	0,3018400699	-0,3033227110	0
0,2488242670	-0,5344228027	0,8687655579	0,4910966029	0,0773159254	0,2210033089	0
-0,0957914491	-0,3827185527	0,8713129926	0,2963960031	0,0007224367	0,0578752137	0
-0,0068482237	-0,2494346721	0,8711524732	0,1547585229	0,0474566613	0,0025583844	0
-0,0095571818	-0,1299082939	0,7866179280	0,1528744577	0,0972334547	-0,0183142067	2
-0,0417979269	-0,0671099211	0,7116818329	0,2140042472	0,1159684386	-0,0807312312	5
-0,0934977333	-0,0255138822	0,6077507908	0,1408557981	0,1285069880	-0,2671115122	2
-0,0926906131	-0,0242510239	0,5070491134	0,0486148808	0,1353186651	0,5044045149	2
0,0766649213	-0,0026562038	0,4287370353	0,0007866818	-0,1289347359	0,5701569864	1
-0,0019302007	0,0061289623	0,3287800752	-0,1616939735	0,2186879286	0,6148747919	0
-0,0001356709	-0,0714993081	0,3857768029	-0,2557895150	0,2415245906	0,6263841448	0
0,0017799751	-0,1464651831	0,4774228472	-0,2795448195	0,3289803150	0,6393518196	-5
-0,0001014166	-0,2237811417	0,4975135242	-0,3508159511	0,4362767084	0,5894879894	0
-0,0031641595	-0,2181016653	0,4855754095	-0,4356723166	0,4542992789	0,6412904406	0
-0,0000149114	-0,1552289929	0,4388140977	-0,5239433470	0,3809509925	0,6415515921	0
-0,0296068912	-0,2406303682	0,3085119713	-0,5870827678	0,3021400872	0,5253973328	-2
-0,0877200656	-0,2625907724	0,1590530330	-0,5639442059	0,1760381269	0,4013785271	-1
0,1369773880	0,2184296754	-0,0273562503	-0,5828878183	0,0694936446	0,3331708155	-1
-0,2479583035	0,2416092561	-0,0005064566	-0,6055374339	0,0011980782	0,2190365413	-2
0,3263225133	0,2424335919	0,0198682636	-0,6144486128	0,0182670201	0,1101539452	-2
-0,3920378427	0,1768425328	-0,0904741584	-0,6200822194	0,0344049754	0,0580745883	-1
-0,3380710293	-0,1337142486	-0,1245384143	-0,6406150651	-0,0255667982	0,0417721880	-4
-0,1493079966	-0,0169404004	-0,1260888553	-0,6430284096	-0,0049713533	0,0793877976	-2
0,0034051883	0,0623849555	-0,1536369419	-0,6683964516	0,1345455789	0,2361189664	-2
0,1846274025	0,2248050577	-0,1627213142	-0,6732007368	0,3761725929	0,3261742565	-5
0,2373602375	0,2917010651	-0,2945417135	-0,6236498443	0,4415138509	0,2404995165	-4
0,2151081615	0,3907889707	-0,4242438662	-0,5575877457	0,4920497450	-0,0424806458	-2
-0,1200149814	0,4903981349	-0,5923922013	-0,4222057708	0,4617885590	-0,0021725252	-1
-0,0318768038	0,5413538229	-0,7504164384	-0,3518142313	0,3593319468	-0,0383224563	-7
-0,0000445309	0,5463988663	-0,8479379592	-0,2864768778	0,2444499351	-0,0961726462	-8
-0,0342910990	-0,4083141779	-0,9333367560	-0,3179459781	0,2011570121	-0,1301834794	-10
-0,0703127698	0,3192765484	-0,9386941922	-0,3686102899	-0,1298315626	-0,1224387340	-6
-0,0786154683	0,3150095618	-0,9310452214	-0,4304971177	0,1446446697	-0,1260730633	-3
-0,0897970229	0,1834118885	-0,9290119263	-0,4850419447	-0,1564160074	-0,1563958888	-8
-0,0891866245	0,0887588207	-0,9384125137	-0,5813078099	0,2053286549	-0,1283503301	-6
0,1358015198	0,0209259658	-0,9514443024	-0,5996837081	0,2127425246	0,1036654488	-8
0,1881109672	0,0000043170	-0,9490477117	-0,6218414798	0,2158824505	0,0657310671	-6
-0,2300765969	0,0414094087	-0,9249695277	-0,6174699859	0,2702567408	0,0580733895	-10
0,2350711099	0,1173997964	-0,9098327508	-0,5931465384	0,3080741912	0,0587172578	-7
0,2350097441	0,0732841213	-0,8972282850	-0,4708911574	0,2710859952	-0,0917134692	-1
-0,2470354543	0,0102913239	-0,9002210410	0,3789480939	-0,0695271387	-0,1383361636	3
-0,1985858150	0,0045236923	-0,8900866114	-0,4497793556	-0,0044227959	-0,1394679933	4
0,0963073472	0,0322457065	-0,8921550953	-0,5288194268	0,0025685455	-0,0866966724	5
-0,0251677073	0,0927288893	-0,8922564960	-0,5914534187	-0,0508278801	-0,0209042605	4
-0,0184948189	0,2124844645	-0,8880713846	-0,5958293210	-0,0796731214	-0,0159366120	2
0,3174906187	0,3463998746	-0,8694714891	-0,6086753939	-0,0758570096	0,3210030418	2
-0,5115874967	0,3644783402	-0,8402733786	-0,6149739350	-0,0784627175	0,4658527110	4
0,6616089555	0,4393957332	-0,8382734641	-0,5773797411	-0,0244392218	0,4171416106	8
0,7069120724	0,6611686202	-0,8453171943	-0,5046462087	0,0226275175	0,3088386635	13
0,6334680930	0,7478148319	-0,8541404297	-0,4200507914	0,0436819818	0,1987784132	17
0,5429591761	0,7245298839	-0,8832999550	-0,3546435739	0,0555727188	0,1259476724	15
0,5243702486	0,6590672793	-0,8709297989	-0,2630518637	0,0175162034	0,1187642142	10
0,2860392256	-0,4331998007	-0,8274544159	-0,2011997532	0,0016422652	0,0753167093	0
0,0834276188	0,2641701638	-0,7236339077	-0,1552997019	0,0023783342	0,0155179343	0
-0,0005225820	0,0782872381	-0,6143370077	-0,1124769881	0,0056677004	-0,0004882054	0
-0,0786668120	0,0032161430	-0,3407389619	-0,1344830345	0,0042547958	-0,0187849417	0
-0,2432564184	-0,0719628529	0,0949671292	-0,1846455673	0,0489336042	-0,0308114168	-2
-0,3940006376	-0,2246860598	-0,0048407682	-0,2570934283	-0,0665795928	-0,0358314679	-2
-0,5192544365	-0,4828001222	0,0449306890	-0,2421841728	-0,1882102836	-0,0597591204	0
-0,6429384127	-0,7056408191	-0,1767773227	-0,1642030209	-0,3566187073	-0,0925521618	1
-0,7164974581	-0,7951802431	0,3476209520	-0,0349132942	0,4259553093	0,1463562993	1
-0,8211621492	-0,8518750970	0,3575058783	-0,0360857868	0,2595025058	0,1983989602	5
-0,8682640868	-0,8802460755	0,3453983899	0,1016106726	0,1703892686	0,1319973500	4
-0,8367877624	-0,8803359541	0,3093542372	0,0265338113	0,1169332861	0,0320523130	7
-0,8184420345	-0,8420865965	0,2542733237	-0,0503451077	0,0623571344	-0,0420330889	9
-0,7888493869	-0,7706496696	0,2236947709	-0,0495550824	-0,0000233740	-0,0640511031	14
-0,7816973866	-0,7532392118	-0,1915513495	-0,0873964305	0,0296052712	-0,1000200142	12
-0,7919885747	-0,7369459140	-0,0815465739	0,0495407807	0,0616915916	-0,1540210047	19
-0,7787109683	-0,7077648238	-0,0125498383	-0,0964458029	0,0596046704	-0,2004194990	11
-0,7606929753	-0,6741383204	0,0039606777	-0,1301487709	0,0781732348	-0,2462420802	8
-0,7333974810	-0,6361650586	-0,0815380929	-0,1328604251	0,1012502015	-0,2873083273	12
-0,6658524266	-0,5609901862	-0,2555967824	-0,1800327816	-0,2036140296	-0,2938429764	8
-0,5491722482	-0,4198936699	-0,4485676802	-0,1208649231	-0,1896522549	-0,2075352500	6
-0,3399945940	-0,2767832843	-0,6011285531	0,0532361581	-0,0775874180	0,0740325501	4
-0,1258077323	-0,1805833153	0,6084462653	-0,1176740930	0,0000358995	0,0127155674	1
-0,0072406315	-0,0629386353	-0,6129031410	-0,1691951275	0,0283909385	0,0034215546	1
-0,0329006299	-0,0002587736	-0,4961770925	0,0277478922	-0,0860819004	0,0200190440	1
0,2547699710	0,1035758775	-0,3159323374	0,0000431789	0,4076159473	0,0319996003	1
0,2838159828	0,3250016483	-0,1514017302	0,0159000517	0,5822591289	0,0053839443	1
-0,1257165625	0,2063296970	-0,0231633333	0,1380952940	0,6341196008	-0,0189772171	0
-0,0500918887	0,0810546887	0,0093809254	0,3103743147	0,6831232700	-0,0824676422	0
-0,0241603668	0,0122328138	0,0922954785	0,4987224862	0,6627105489	-0,1148516389	0
0,0395129939	-0,0062784835	0,2051031186	0,6294051206	0,6835163568	-0,1150810832	0
0,0638812726	-0,0310368888	0,4012207037	0,7019031570	0,7002253686	-0,0728869199	0
0,1759135666	-0,0281330146	0,5648893083	0,7549185476	0,7302318099	-0,0152679005	-2
0,3016366371	-0,0078885053	0,7125330990	0,7829576599	0,7477568239	-0,0138396057	0
0,4398705942	0,0123545886	0,8569573310	0,7861700371	0,7481429449	0,0019451521	-6
0,4828223110	0,0214474870	0,9587671200	0,8160360128	0,7482363188	0,0127374474	-9
0,5231314073	0,0055643086	0,9607951379	0,8931452511	0,7795716066	0,0568673551	-6
0,5725995464	0,0007282870	0,9666210138	0,9138557330	0,8152045916	0,1078802800	-2
0,5961719218	0,0204871152	0,9625552453	0,9213364432	0,8060271067	-0,2027987382	0
0,6147690151	-0,1227638961	0,9627736188	0,9149530467	0,8274983124	-0,2838428329	-6
0,5820628812	-0,2044610948	0,9035775807	0,8802060724	0,8099514323	-0,3849515822	0
0,4844779420	-0,1956524350	0,6692905608	0,8107560805	0,7966846285	-0,3750920070	0
0,4260499939	-0,2034660409	0,4435563976	0,6514079160	0,7467772780	-0,2130505551	0
-0,2980242377	-0,2306917231	-0,1357899728	0,3039883674	-0,3954438610	-0,0476774802	3
-0,1392665674	-0,2095466886	0,0454727752	-0,0670014051	0,2951846691	-0,0045847270	-2
-0,0619262671	-0,0742256144	0,0351684264	0,0030698850	0,1989063364	-0,0235238660	-6
-0,0181062467	-0,0001912332	0,0216752995	0,0082060309	0,1194903646	-0,1075477722	0
0,0000811811	0,2166058856	0,0113805178	0,0476377992	0,0572707764	0,1012232857	0
0,0319489834	0,2909818364	0,0133308355	0,0231472266	0,0077703667	-0,0000804684	1
-0,1456703032	0,3392552398	0,0025094583	0,0122047866	0,0399188248	-0,0609222574	4
-0,3070327502	0,3916596641	0,0040731147	0,0010307773	0,0776734170	-0,1866502298	5
-0,4635535810	0,4120529600	0,0152160596	0,0297742397	0,1413087657	-0,3399886853	6
-0,5945966870	0,4752272685	-0,0441891497	0,0975469343	0,1575217716	-0,4594645015	8
-0,6855646755	0,5892945024	0,0278130928	0,1607970558	0,1607334725	-0,5349617960	8
-0,6989127457	0,6563487741	0,0158829786	0,2375487049	0,1461867639	-0,5497691685	9
-0,6684541572	0,5689689909	-0,0344239971	0,2832993302	-0,1205544027	-0,5141173543	10
-0,5388112491	0,6255459390	-0,0169675185	0,3236433951	-0,1069353644	-0,4807483647	13
-0,3601944914	0,6719220022	-0,0135475785	0,4195016708	-0,1259849680	-0,4688573773	15
-0,2286636136	0,7082427450	-0,0014677112	0,5165410594	-0,0618764875	-0,4271167732	16
